Cext	= 280485.3307
Qext	= 0.530889774
Cabs	= 9044.57563
Qabs	= 0.01711915807
