Cext	= 5.432022795e-07
Qext	= 1.887802353e-06
Cabs	= 5.431984438e-07
Qabs	= 1.887789023e-06
