Cext	= 9.614718206e-09
Qext	= 1.879550619e-06
Cabs	= 9.614811038e-09
Qabs	= 1.879568766e-06
