Cext	= 2.324571409e-08
Qext	= 8.078632108e-06
Cabs	= 2.324555329e-08
Qabs	= 8.078576225e-06
