Cext	= 2.939278584e-11
Qext	= 9.259016718e-08
Cabs	= 2.939263309e-11
Qabs	= 9.258968599e-08
