Cext	= 0.02329749231
Qext	= 7.437652378e-05
Cabs	= 0.02329417522
Qabs	= 7.436593408e-05
