Cext	= 0.000295314585
Qext	= 0.0001885064719
Cabs	= 0.0002953112127
Qabs	= 0.0001885043193
