Cext	= 3.1670074
Qext	= 0.001123397021
Cabs	= 3.097707932
Qabs	= 0.001098815198
