Cext	= 1.065832855
Qext	= 0.003437652164
Cabs	= 1.057336121
Qabs	= 0.003410247479
