Cext	= 2.870295707e-08
Qext	= 1.875993409e-06
Cabs	= 2.870271719e-08
Qabs	= 1.875977731e-06
