Cext	= 0.01814892309
Qext	= 5.812347977e-05
Cabs	= 0.01814631733
Qabs	= 5.811513459e-05
