Cext	= 1.775808626e-07
Qext	= 1.590986476e-05
Cabs	= 1.775794069e-07
Qabs	= 1.590973434e-05
