Cext	= 342067.249
Qext	= 0.2223702006
Cabs	= 9887.008849
Qabs	= 0.006427321375
