Cext	= 1.054094779e-07
Qext	= 1.544105715e-05
Cabs	= 1.054084748e-07
Qabs	= 1.54409102e-05
