Cext	= 191.0594798
Qext	= 0.02390374962
Cabs	= 91.73023335
Qabs	= 0.01147651261
