Cext	= 0.03607729959
Qext	= 0.0007198478958
Cabs	= 0.03605414985
Qabs	= 0.0007193859907
