Cext = 5.5945006564e-02
Qext = 1.2165068407e-04
Cabs = 5.5859390027e-02
Qabs = 1.2146451352e-04
