Cext	= 1.062839278e-06
Qext	= 3.348048294e-05
Cabs	= 1.062834159e-06
Qabs	= 3.348032168e-05
