Cext = 5.2367603196e+01
Qext = 1.8823694350e-03
Cabs = 3.2267862660e+01
Qabs = 1.1598781435e-03
