Cext	= 0.2098313963
Qext	= 0.0001680007522
Cabs	= 0.2096096665
Qabs	= 0.0001678232249
