Cext	= 25.94045357
Qext	= 0.001938736837
Cabs	= 20.96092534
Qabs	= 0.001566577006
