Cext	= 0.0001049153169
Qext	= 4.080167532e-05
Cabs	= 0.0001049147114
Qabs	= 4.080143986e-05
