Cext = 2.0782604821e-09
Qext = 1.4641926281e-07
Cabs = 2.0782427297e-09
Qabs = 1.4641801211e-07
