Cext	= 247.8747359
Qext	= 0.03165329718
Cabs	= 121.905968
Qabs	= 0.01556724133
