Cext	= 0.0113943966
Qext	= 0.0001669124377
Cabs	= 0.01139334552
Qabs	= 0.0001668970408
