Cext	= 0.0132298485
Qext	= 5.230829916e-05
Cabs	= 0.01322843374
Qabs	= 5.230270546e-05
