Cext	= 6.057069988e-11
Qext	= 2.21819626e-07
Cabs	= 6.057102558e-11
Qabs	= 2.218208187e-07
