Cext	= 0.0002892483278
Qext	= 0.000216178328
Cabs	= 0.0002892445863
Qabs	= 0.0002161755317
