Cext	= 13457947.17
Qext	= 4.288907177
Cabs	= 4338095.18
Qabs	= 1.382505617
