Cext	= 0.142805916
Qext	= 0.0004605947961
Cabs	= 0.1427004964
Qabs	= 0.0004602547841
