Cext	= 1.053472582e-05
Qext	= 8.494465819e-05
Cabs	= 1.053474554e-05
Qabs	= 8.494481722e-05
