Cext	= 0.0007748479562
Qext	= 0.0003013391722
Cabs	= 0.0007748393624
Qabs	= 0.0003013358301
