Cext	= 1.141022081e-06
Qext	= 9.200403726e-06
Cabs	= 1.141024512e-06
Qabs	= 9.200423328e-06
