Cext = 7.1293809944e-06
Qext = 3.1392801780e-05
Cabs = 7.1294678364e-06
Qabs = 3.1393184162e-05
