Cext	= 2.893543182e-07
Qext	= 1.8852137e-05
Cabs	= 2.893529551e-07
Qabs	= 1.885204819e-05
