Cext	= 3.876526149e-06
Qext	= 8.872788145e-06
Cabs	= 3.876546815e-06
Qabs	= 8.872835446e-06
