Cext = 5.6931432478e-09
Qext = 2.5068616430e-06
Cabs = 5.6930955952e-09
Qabs = 2.5068406586e-06
