Cext	= 1.10747873e-08
Qext	= 1.428789378e-06
Cabs	= 1.107469473e-08
Qabs	= 1.428777435e-06
