Cext	= 6925636.747
Qext	= 4.497805857
Cabs	= 110662.2535
Qabs	= 0.07186881869
