Cext	= 3.080759031e-08
Qext	= 2.760120591e-06
Cabs	= 3.080765613e-08
Qabs	= 2.760126488e-06
