Cext	= 0.0007088028094
Qext	= 5.715289929e-05
Cabs	= 0.0007087921841
Qabs	= 5.715204254e-05
