Cext	= 0.01053817866
Qext	= 0.0008497249951
Cabs	= 0.01053725154
Qabs	= 0.0008496502383
