Cext	= 6.065427823e-05
Qext	= 0.0001214065738
Cabs	= 6.065395178e-05
Qabs	= 0.0001214059204
