Cext	= 165.8202745
Qext	= 0.005348234698
Cabs	= 92.21518424
Qabs	= 0.002974234903
