Cext	= 0.15257065
Qext	= 0.001140282064
Cabs	= 0.1521575771
Qabs	= 0.001137194841
