Cext	= 603739.6927
Qext	= 0.7252508765
Cabs	= 16582.62419
Qabs	= 0.01992011271
