Cext	= 0.12184881
Qext	= 0.001239527505
Cabs	= 0.1215628609
Qabs	= 0.00123661864
