Cext	= 0.001329927724
Qext	= 0.0004189403174
Cabs	= 0.001329905414
Qabs	= 0.0004189332897
