Cext	= 1.027666972e-07
Qext	= 1.325821991e-05
Cabs	= 1.027658549e-07
Qabs	= 1.325811123e-05
