Cext	= 496765.2402
Qext	= 0.9894618294
Cabs	= 19295.82535
Qabs	= 0.03843361231
