Cext	= 8.206679016e-09
Qext	= 1.642662003e-06
Cabs	= 8.206636188e-09
Qabs	= 1.642653431e-06
