Cext	= 2.392154976e-06
Qext	= 8.572739563e-06
Cabs	= 2.392134927e-06
Qabs	= 8.572667713e-06
