Cext	= 2.236723462e-05
Qext	= 8.637035867e-06
Cabs	= 2.236744853e-05
Qabs	= 8.637118471e-06
