Cext	= 1416863.027
Qext	= 1.181963072
Cabs	= 30601.69169
Qabs	= 0.02552827539
