Cext	= 6.724386475e-09
Qext	= 3.847778545e-07
Cabs	= 6.724422636e-09
Qabs	= 3.847799237e-07
