Cext	= 0.01008272197
Qext	= 6.481952283e-05
Cabs	= 0.01008221704
Qabs	= 6.481627672e-05
