Cext = 1.5371484002e-07
Qext = 7.5205835743e-06
Cabs = 1.5371355230e-07
Qabs = 7.5205205698e-06
