Cext	= 12.95971689
Qext	= 0.001621410401
Cabs	= 11.70884886
Qabs	= 0.001464912349
