Cext	= 22457330.61
Qext	= 7.15691667
Cabs	= 604102.9141
Qabs	= 0.1925212881
