Cext	= 950802.1163
Qext	= 1.212042808
Cabs	= 23519.47559
Qabs	= 0.02998164472
