Cext	= 2.011860159e-11
Qext	= 6.292674088e-08
Cabs	= 2.011845961e-11
Qabs	= 6.292629677e-08
