Cext	= 6.82976141
Qext	= 0.0005933903514
Cabs	= 6.647905826
Qabs	= 0.0005775901876
