Cext	= 1490433.516
Qext	= 5.277617688
Cabs	= 55985.02004
Qabs	= 0.1982426784
