Cext = 2.1210513207e+00
Qext = 4.1509443623e-04
Cabs = 2.0082663931e+00
Qabs = 3.9302217660e-04
