Cext = 4.9078790083e-03
Qext = 5.4027156423e-05
Cabs = 4.9071801976e-03
Qabs = 5.4019463719e-05
