Cext	= 2.882147917e-07
Qext	= 1.437682516e-05
Cabs	= 2.882123189e-07
Qabs	= 1.437670181e-05
