Cext	= 5.202819073
Qext	= 0.0004613844169
Cabs	= 5.053312908
Qabs	= 0.0004481262555
