Cext	= 19.98286655
Qext	= 0.00708829817
Cabs	= 15.85774668
Qabs	= 0.005625040658
