Cext	= 420033.0934
Qext	= 3.345440719
Cabs	= 21657.08501
Qabs	= 0.1724923469
