Cext	= 1745346.664
Qext	= 6.178300277
Cabs	= 92858.85354
Qabs	= 0.3287082689
