Cext	= 2.892436264e-07
Qext	= 2.161748143e-05
Cabs	= 2.892408731e-07
Qabs	= 2.161727566e-05
