Cext = 5.6931524356e-06
Qext = 2.5068656876e-05
Cabs = 5.6931033326e-06
Qabs = 2.5068440665e-05
