Cext	= 19501200.71
Qext	= 7.672628334
Cabs	= 475296.6701
Qabs	= 0.1870025724
