Cext	= 1.386747163e-09
Qext	= 4.337452529e-06
Cabs	= 1.386759615e-09
Qabs	= 4.337491478e-06
