Cext	= 9.118380992
Qext	= 0.007352424448
Cabs	= 8.573101807
Qabs	= 0.006912749465
