Cext	= 15.98398448
Qext	= 0.0006216188108
Cabs	= 14.55156644
Qabs	= 0.000565911925
