Cext	= 1.863313387e-10
Qext	= 1.487142592e-07
Cabs	= 1.863303891e-10
Qabs	= 1.487135013e-07
