Cext	= 100.8950514
Qext	= 0.02019531493
Cabs	= 66.18226894
Qabs	= 0.01324714885
