Cext	= 151.3637436
Qext	= 0.004832240707
Cabs	= 81.05492279
Qabs	= 0.002587653346
