Cext	= 5796364.852
Qext	= 6.582032185
Cabs	= 145593.4831
Qabs	= 0.1653279282
