Cext	= 4957.182138
Qext	= 0.247275792
Cabs	= 852.7499636
Qabs	= 0.04253715452
