Cext	= 43050.00802
Qext	= 0.04888521437
Cabs	= 2908.51748
Qabs	= 0.00330275201
