Cext	= 0.01192698667
Qext	= 5.949458772e-05
Cabs	= 0.01192608749
Qabs	= 5.949010239e-05
