Cext	= 156535.1256
Qext	= 1.110954086
Cabs	= 8903.665721
Qabs	= 0.06319069778
