Cext	= 872.57429
Qext	= 0.04992979873
Cabs	= 241.751995
Qabs	= 0.01383335332
