Cext	= 3.250660102e-07
Qext	= 2.124595355e-05
Cabs	= 3.250644398e-07
Qabs	= 2.124585091e-05
