Cext	= 7.141708276e-10
Qext	= 2.279968283e-06
Cabs	= 7.141646978e-10
Qabs	= 2.279948714e-06
