Cext	= 0.1030545272
Qext	= 0.001329535366
Cabs	= 0.1028919028
Qabs	= 0.001327437302
