Cext	= 0.0009695011046
Qext	= 0.0003770399831
Cabs	= 0.0009694879977
Qabs	= 0.0003770348858
