Cext	= 2465.894297
Qext	= 0.008719047097
Cabs	= 549.7259066
Qabs	= 0.001943751634
