Cext	= 2767843.564
Qext	= 1.60357677
Cabs	= 67644.9457
Qabs	= 0.03919074943
