Cext	= 0.1453689583
Qext	= 0.0001163891332
Cabs	= 0.1452106676
Qabs	= 0.0001162623983
