Cext	= 697.5958853
Qext	= 0.05213690025
Cabs	= 205.5338107
Qabs	= 0.01536117975
