Cext	= 3.273659187e-06
Qext	= 4.193669511e-06
Cabs	= 3.273642037e-06
Qabs	= 4.19364754e-06
