Cext	= 0.02292386165
Qext	= 0.000802360217
Cabs	= 0.02291549304
Qabs	= 0.0008020673065
