Cext	= 0.01982375121
Qext	= 6.244676666e-05
Cabs	= 0.01982090873
Qabs	= 6.243781256e-05
