Cext	= 5.83312583e-09
Qext	= 1.335115196e-06
Cabs	= 5.833067077e-09
Qabs	= 1.335101749e-06
