Cext	= 18531.2617
Qext	= 0.5916047994
Cabs	= 2088.492815
Qabs	= 0.06667448731
