Cext	= 6.276344925e-07
Qext	= 2.423590451e-05
Cabs	= 6.276301451e-07
Qabs	= 2.423573664e-05
