Cext = 8.5125547760e-09
Qext = 2.3427081621e-07
Cabs = 8.5124820614e-09
Qabs = 2.3426881503e-07
