Cext	= 3.068208374e-05
Qext	= 9.59670842e-06
Cabs	= 3.068237612e-05
Qabs	= 9.596799871e-06
