Cext	= 0.0002311470351
Qext	= 0.0001727546014
Cabs	= 0.0002311442554
Qabs	= 0.0001727525239
