Cext = 3.3567158450e+03
Qext = 9.2378913414e-02
Cabs = 3.4030459220e+02
Qabs = 9.3653946047e-03
