Cext	= 14.63348068
Qext	= 0.0005785799323
Cabs	= 13.32621964
Qabs	= 0.0005268933228
