Cext	= 0.07307685712
Qext	= 0.0003682754039
Cabs	= 0.07304929911
Qabs	= 0.0003681365237
