Cext	= 0.0001315705372
Qext	= 0.000169742841
Cabs	= 0.000131570665
Qabs	= 0.0001697430059
