Cext	= 0.002477510393
Qext	= 3.121760594e-05
Cabs	= 0.002477449365
Qabs	= 3.121683697e-05
