Cext = 1.2445417388e+02
Qext = 1.3700225919e-02
Cabs = 4.7742531560e+01
Qabs = 5.2556169714e-03
