Cext	= 8.221334798e-10
Qext	= 2.651643664e-06
Cabs	= 8.221267423e-10
Qabs	= 2.651621934e-06
