Cext	= 0.0001733460503
Qext	= 0.0002168759481
Cabs	= 0.0001733473538
Qabs	= 0.000216877579
