Cext	= 6.458841434e-05
Qext	= 2.571831026e-05
Cabs	= 6.458783542e-05
Qabs	= 2.571807974e-05
