Cext	= 0.03127237972
Qext	= 0.0002337234173
Cabs	= 0.03126501579
Qabs	= 0.0002336683808
