Cext	= 1.693333952
Qext	= 0.0003389404333
Cabs	= 1.679197321
Qabs	= 0.0003361108226
