Cext	= 7.094097905e-08
Qext	= 1.38680259e-05
Cabs	= 7.094162105e-08
Qabs	= 1.38681514e-05
