Cext	= 8.482928796e-07
Qext	= 2.672206029e-05
Cabs	= 8.482865119e-07
Qabs	= 2.67218597e-05
