Cext	= 1604964.994
Qext	= 2.045942311
Cabs	= 51080.8234
Qabs	= 0.06511569925
