Cext	= 6.686121179e-10
Qext	= 2.106193952e-06
Cabs	= 6.686071128e-10
Qabs	= 2.106178186e-06
