Cext	= 2441.933479
Qext	= 0.1596020612
Cabs	= 562.7949532
Qabs	= 0.03678365334
