Cext = 1.9718770322e-07
Qext = 8.6827657046e-07
Cabs = 1.9718789041e-07
Qabs = 8.6827739466e-07
