Cext	= 3441.990199
Qext	= 0.1260512063
Cabs	= 610.9968643
Qabs	= 0.02237568596
