Cext = 1.7968730778e-08
Qext = 3.9072448558e-07
Cabs = 1.7968747878e-08
Qabs = 3.9072485751e-07
