Cext	= 0.00029954412
Qext	= 0.0002602530015
Cabs	= 0.0002995460543
Qabs	= 0.0002602546821
