Cext = 2.1103234448e+02
Qext = 3.7169547058e-03
Cabs = 7.6609294677e+01
Qabs = 1.3493347620e-03
