Cext	= 32.98791569
Qext	= 0.01173851375
Cabs	= 26.8917891
Qabs	= 0.009569250728
