Cext	= 0.5208519497
Qext	= 0.0001866571422
Cabs	= 0.5190413046
Qabs	= 0.0001860082633
