Cext	= 0.3650825181
Qext	= 0.002378601326
Cabs	= 0.3635135156
Qabs	= 0.002368378893
