Cext	= 35.27124801
Qext	= 0.002298007522
Cabs	= 27.07539896
Qabs	= 0.00176402804
