Cext	= 344.717981
Qext	= 0.03506701616
Cabs	= 128.1521411
Qabs	= 0.013036492
