Cext	= 0.1667713562
Qext	= 0.002101384719
Cabs	= 0.1665207554
Qabs	= 0.00209822705
