Cext	= 4.845656386e-07
Qext	= 4.436392881e-06
Cabs	= 4.845682414e-07
Qabs	= 4.436416711e-06
