Cext	= 0.08379682646
Qext	= 0.0002683665099
Cabs	= 0.08372337167
Qabs	= 0.0002681312646
