Cext	= 0.2457904908
Qext	= 0.0001921951987
Cabs	= 0.2455433261
Qabs	= 0.0001920019289
