Cext	= 3367570.169
Qext	= 6.320846049
Cabs	= 91634.49284
Qabs	= 0.1719956802
