Cext	= 9.128174813e-09
Qext	= 1.840080375e-06
Cabs	= 9.128194315e-09
Qabs	= 1.840084306e-06
