Cext	= 1055.08697
Qext	= 0.09386128717
Cabs	= 327.4021596
Qabs	= 0.02912592895
