Cext = 3.6437189216e-04
Qext = 1.0027741706e-04
Cabs = 3.6436291442e-04
Qabs = 1.0027494635e-04
