Cext	= 8.080623146e-07
Qext	= 3.120306696e-05
Cabs	= 8.080696229e-07
Qabs	= 3.120334917e-05
