Cext	= 5167709.588
Qext	= 4.574708507
Cabs	= 697901.167
Qabs	= 0.6178161429
