Cext	= 0.2281195381
Qext	= 0.002043773719
Cabs	= 0.2277236869
Qabs	= 0.0020402272
