Cext	= 1.832178902e-05
Qext	= 6.367410029e-05
Cabs	= 1.832165768e-05
Qabs	= 6.367364385e-05
