Cext	= 0.03246054281
Qext	= 0.0002820270248
Cabs	= 0.03245546315
Qabs	= 0.0002819828912
