Cext = 1.3937820968e-04
Qext = 9.8195846423e-05
Cabs = 1.3937941981e-04
Qabs = 9.8196699018e-05
