Cext	= 12341.14774
Qext	= 0.02454554309
Cabs	= 1384.936669
Qabs	= 0.002754526839
