Cext	= 100603.2574
Qext	= 0.3562356354
Cabs	= 6586.386257
Qabs	= 0.02332236108
