Cext	= 6.065370479e-08
Qext	= 1.21405426e-05
Cabs	= 6.065341193e-08
Qabs	= 1.214048398e-05
