Cext	= 0.005350233704
Qext	= 0.0004213440636
Cabs	= 0.005349781553
Qabs	= 0.0004213084556
