Cext	= 0.001268464727
Qext	= 2.49736793e-05
Cabs	= 0.001268443985
Qabs	= 2.497327092e-05
