Cext	= 0.01783238276
Qext	= 0.0002300605725
Cabs	= 0.01783076903
Qabs	= 0.0002300397533
