Cext = 7.1164272943e-10
Qext = 1.2534305101e-06
Cabs = 7.1163677256e-10
Qabs = 1.2534200183e-06
