Cext	= 5.030946165e-09
Qext	= 4.461427795e-07
Cabs	= 5.030920526e-09
Qabs	= 4.461405058e-07
