Cext	= 8.368258107e-05
Qext	= 2.680006292e-05
Cabs	= 8.368180901e-05
Qabs	= 2.679981566e-05
