Cext	= 0.1938142803
Qext	= 0.001448528584
Cabs	= 0.1930933392
Qabs	= 0.001443140417
