Cext	= 1.930813794e-07
Qext	= 1.257972109e-05
Cabs	= 1.930797232e-07
Qabs	= 1.257961318e-05
