Cext	= 0.08441924009
Qext	= 0.001701744217
Cabs	= 0.08435873836
Qabs	= 0.001700524608
