Cext = 5.3240704645e-06
Qext = 2.6048309234e-06
Cabs = 5.3240751742e-06
Qabs = 2.6048332281e-06
