Cext	= 0.03941412252
Qext	= 0.000196606824
Cabs	= 0.03939567902
Qabs	= 0.0001965148235
