Cext	= 19424.31296
Qext	= 0.03645895577
Cabs	= 2324.367028
Qabs	= 0.004362779514
