Cext	= 4.065229386
Qext	= 0.0009304701609
Cabs	= 3.888163309
Qabs	= 0.0008899423862
