Cext	= 3.744368413
Qext	= 0.0004718051555
Cabs	= 3.684193908
Qabs	= 0.000464222931
