Cext	= 3726718.732
Qext	= 3.29802495
Cabs	= 729249.0015
Qabs	= 0.6453616639
