Cext	= 608.7055942
Qext	= 0.05397982741
Cabs	= 223.8590871
Qabs	= 0.01985175592
