Cext = 5.7034962981e-08
Qext = 6.2785510025e-06
Cabs = 5.7035666966e-08
Qabs = 6.2786284995e-06
