Cext	= 1.319624232e-07
Qext	= 1.685143821e-05
Cabs	= 1.319618078e-07
Qabs	= 1.685135964e-05
