Cext	= 0.009575424332
Qext	= 4.329227282e-05
Cabs	= 0.009574692807
Qabs	= 4.328896546e-05
