Cext	= 588429.7039
Qext	= 4.686670463
Cabs	= 25406.98955
Qabs	= 0.2023592396
