Cext	= 0.1650832083
Qext	= 0.002129784781
Cabs	= 0.1648520808
Qabs	= 0.002126802941
