Cext	= 6.764032959e-08
Qext	= 2.61190962e-06
Cabs	= 6.763985229e-08
Qabs	= 2.61189119e-06
