Cext	= 2.142734107e-08
Qext	= 8.333115121e-07
Cabs	= 2.142722971e-08
Qabs	= 8.333071813e-07
