Cext = 1.3937646682e-07
Qext = 9.8194618525e-06
Cabs = 1.3937817313e-07
Qabs = 9.8195820682e-06
