Cext = 3.9259167970e-05
Qext = 1.0804367855e-05
Cabs = 3.9258790642e-05
Qabs = 1.0804264018e-05
