Cext = 1.5144601327e-05
Qext = 2.9638319877e-05
Cabs = 1.5144465234e-05
Qabs = 2.9638053533e-05
