Cext	= 4.463315355e-07
Qext	= 1.764709813e-05
Cabs	= 4.463278887e-07
Qabs	= 1.764695395e-05
