Cext	= 3.835256686e-09
Qext	= 4.798349479e-07
Cabs	= 3.835293721e-09
Qabs	= 4.798395814e-07
