Cext	= 8.927136716e-08
Qext	= 1.139984317e-05
Cabs	= 8.927060079e-08
Qabs	= 1.13997453e-05
