Cext	= 0.03593961511
Qext	= 0.001257925817
Cabs	= 0.03592779345
Qabs	= 0.001257512045
