Cext	= 4.684820337
Qext	= 0.0003501339612
Cabs	= 4.512482218
Qabs	= 0.00033725376
