Cext	= 0.006750899086
Qext	= 0.0005388009144
Cabs	= 0.006750379267
Qabs	= 0.0005387594268
