Cext	= 0.0004099516594
Qext	= 0.0001853467634
Cabs	= 0.0004099505525
Qabs	= 0.000185346263
