Cext	= 0.1941911796
Qext	= 0.001265202726
Cabs	= 0.1935330745
Qabs	= 0.001260915012
