Cext	= 106.1638882
Qext	= 0.0209016683
Cabs	= 59.21144779
Qabs	= 0.01165761788
