Cext	= 158349.4388
Qext	= 0.124870061
Cabs	= 7719.819139
Qabs	= 0.006087639424
