Cext	= 229436.7305
Qext	= 1.722588309
Cabs	= 10630.03233
Qabs	= 0.07980923276
