Cext	= 2073642.229
Qext	= 2.642552603
Cabs	= 461633.5807
Qabs	= 0.588284229
