Cext	= 0.009129349844
Qext	= 0.0001840317241
Cabs	= 0.009128936334
Qabs	= 0.0001840233885
