Cext	= 1.055700026e-06
Qext	= 3.370289688e-05
Cabs	= 1.055695092e-06
Qabs	= 3.370273936e-05
