Cext = 9.6551073426e-04
Qext = 4.2514332067e-05
Cabs = 9.6549714070e-04
Qabs = 4.2513733499e-05
