Cext	= 2.909643704e-07
Qext	= 1.870543659e-05
Cabs	= 2.909621888e-07
Qabs	= 1.870529634e-05
