Cext	= 2.912947376e-08
Qext	= 9.395187818e-07
Cabs	= 2.912953598e-08
Qabs	= 9.395207887e-07
