Cext = 2.6068275845e-05
Qext = 1.2754048151e-05
Cabs = 2.6068290094e-05
Qabs = 1.2754055118e-05
