Cext	= 1.38556605e-07
Qext	= 1.733503303e-05
Cabs	= 1.385578589e-07
Qabs	= 1.73351899e-05
