Cext = 2.6300513509e-08
Qext = 9.4537996249e-07
Cabs = 2.6300288885e-08
Qabs = 9.4537188829e-07
