Cext	= 21745355.85
Qext	= 6.530479352
Cabs	= 2084877.121
Qabs	= 0.6261220595
