Cext	= 7.664372724
Qext	= 0.006035882033
Cabs	= 6.940944828
Qabs	= 0.005466164771
