Cext	= 0.000154264868
Qext	= 0.0001368016169
Cabs	= 0.0001542630901
Qabs	= 0.0001368000403
