Cext	= 4.936318139e-08
Qext	= 3.173446488e-06
Cabs	= 4.936292501e-08
Qabs	= 3.173430007e-06
