Cext	= 9901928.175
Qext	= 3.893999809
Cabs	= 2263617.019
Qabs	= 0.8901826072
