Cext = 1.9239513706e-04
Qext = 6.9157017566e-05
Cabs = 1.9239200437e-04
Qabs = 6.9155891505e-05
