Cext	= 5.623333183e-07
Qext	= 2.059354879e-05
Cabs	= 5.623362839e-07
Qabs	= 2.05936574e-05
