Cext	= 18473217.87
Qext	= 10.70263632
Cabs	= 404387.7544
Qabs	= 0.2342859321
