Cext	= 2.09514134e-07
Qext	= 1.677467372e-06
Cabs	= 2.095130396e-07
Qabs	= 1.67745861e-06
