Cext = 5.6945306547e-03
Qext = 2.5074725580e-04
Cabs = 5.6930361857e-03
Qabs = 2.5068144988e-04
