Cext	= 3535922.204
Qext	= 3.125627918
Cabs	= 598287.4594
Qabs	= 0.5288645728
