Cext	= 0.0008436567267
Qext	= 0.0002693348012
Cabs	= 0.000843645132
Qabs	= 0.0002693310996
