Cext	= 0.0001054514983
Qext	= 0.000134660259
Cabs	= 0.0001054508828
Qabs	= 0.000134659473
