Cext	= 1147181.95
Qext	= 2.658523553
Cabs	= 38634.94307
Qabs	= 0.08953410237
