Cext	= 424.9178084
Qext	= 0.05481983849
Cabs	= 188.6449052
Qabs	= 0.02433760843
