Cext	= 678.0390961
Qext	= 0.06012830132
Cabs	= 190.4552397
Qabs	= 0.01688951287
