Cext	= 0.0004912761932
Qext	= 0.0002221150964
Cabs	= 0.0004912689288
Qabs	= 0.000222111812
