Cext	= 1.034957621
Qext	= 0.0008286350936
Cabs	= 1.028406411
Qabs	= 0.0008233898914
