Cext	= 7.242530642
Qext	= 0.0004623083207
Cabs	= 6.92445789
Qabs	= 0.0004420049645
