Cext	= 4422692.418
Qext	= 8.301284454
Cabs	= 161329.1189
Qabs	= 0.3028107724
