Cext	= 0.01014876548
Qext	= 4.99525152e-05
Cabs	= 0.01014798239
Qabs	= 4.994866082e-05
