Cext	= 3.98997701
Qext	= 0.00139653557
Cabs	= 3.906680905
Qabs	= 0.001367381023
