Cext	= 6.64429499e-08
Qext	= 3.004009237e-06
Cabs	= 6.644228064e-08
Qabs	= 3.003978978e-06
