Cext	= 5.849908281e-09
Qext	= 1.151736664e-06
Cabs	= 5.849863454e-09
Qabs	= 1.151727838e-06
