Cext	= 2.819918512e-07
Qext	= 1.856151011e-05
Cabs	= 2.819895391e-07
Qabs	= 1.856135791e-05
