Cext	= 8.414540966
Qext	= 0.0005482277925
Cabs	= 8.037334179
Qabs	= 0.0005236518537
