Cext	= 0.6881478788
Qext	= 0.003387083627
Cabs	= 0.6839498113
Qabs	= 0.003366420618
