Cext	= 9.477145924e-07
Qext	= 3.035137108e-05
Cabs	= 9.477100087e-07
Qabs	= 3.035122428e-05
