Cext	= 0.0009600290837
Qext	= 0.0003822717447
Cabs	= 0.0009600230972
Qabs	= 0.0003822693609
