Cext	= 10890.46894
Qext	= 0.4235314642
Cabs	= 1528.720755
Qabs	= 0.05945210838
