Cext	= 4.482784316
Qext	= 0.000389477875
Cabs	= 4.35661697
Qabs	= 0.0003785160739
