Cext	= 9.114259286e-08
Qext	= 3.337788055e-06
Cabs	= 9.114167479e-08
Qabs	= 3.337754434e-06
