Cext	= 1450925.089
Qext	= 1.144160066
Cabs	= 42201.24162
Qabs	= 0.03327875143
