Cext	= 0.3341126272
Qext	= 0.001683781536
Cabs	= 0.3325552558
Qabs	= 0.001675933066
