Cext	= 5.389064055e-07
Qext	= 2.715852624e-05
Cabs	= 5.389074703e-07
Qabs	= 2.71585799e-05
