Cext	= 0.001386840233
Qext	= 0.0004337743633
Cabs	= 0.001386836495
Qabs	= 0.000433773194
