Cext	= 0.0002893636598
Qext	= 0.0001885274564
Cabs	= 0.000289361401
Qabs	= 0.0001885259847
