Cext = 8.1284341460e-07
Qext = 1.7675028297e-05
Cabs = 8.1285335183e-07
Qabs = 1.7675244379e-05
