Cext	= 11916830.03
Qext	= 3.383023705
Cabs	= 203113.3695
Qabs	= 0.05766108455
