Cext	= 1.439159852e-07
Qext	= 4.533495125e-06
Cabs	= 1.439152377e-07
Qabs	= 4.533471577e-06
