Cext = 1.5775021746e-06
Qext = 1.7365537451e-06
Cabs = 1.5775036447e-06
Qabs = 1.7365553637e-06
