Cext	= 7.094148892e-05
Qext	= 0.0001386812557
Cabs	= 7.094209293e-05
Qabs	= 0.0001386824364
