Cext	= 44.86863723
Qext	= 0.0159661835
Cabs	= 34.17744975
Qabs	= 0.01216180094
