Cext	= 294.7515057
Qext	= 0.002347609521
Cabs	= 140.7352636
Qabs	= 0.001120915206
