Cext	= 0.009992285817
Qext	= 6.57720829e-05
Cabs	= 0.00999188764
Qabs	= 6.576946198e-05
