Cext	= 12.86064368
Qext	= 0.0006415188636
Cabs	= 12.01959029
Qabs	= 0.0005995651615
