Cext	= 1302974.086
Qext	= 4.347822548
Cabs	= 52596.32621
Qabs	= 0.1755057875
