Cext = 4.1413358261e-02
Qext = 1.4886157663e-04
Cabs = 4.1386732894e-02
Qabs = 1.4876587100e-04
