Cext	= 0.0004317667088
Qext	= 0.0002470623432
Cabs	= 0.0004317603964
Qabs	= 0.0002470587311
