Cext	= 12270507.04
Qext	= 3.908622087
Cabs	= 2527460.349
Qabs	= 0.8050920237
