Cext	= 10328.11386
Qext	= 0.3230416097
Cabs	= 1132.05165
Qabs	= 0.03540818704
