Cext	= 3629881.777
Qext	= 7.230033771
Cabs	= 152218.6173
Qabs	= 0.3031905201
