Cext	= 0.006889598951
Qext	= 0.0005387302964
Cabs	= 0.006888828039
Qabs	= 0.0005386700151
