Cext	= 5.348897013e-09
Qext	= 4.212387959e-06
Cabs	= 5.348856971e-09
Qabs	= 4.212356426e-06
