Cext	= 0.00583357984
Qext	= 0.0001335219112
Cabs	= 0.005833275622
Qabs	= 0.0001335149481
