Cext	= 5.355658262e-06
Qext	= 1.071997127e-05
Cabs	= 5.355613206e-06
Qabs	= 1.071988109e-05
