Cext	= 0.03081815718
Qext	= 0.00027610673
Cabs	= 0.03081329063
Qabs	= 0.0002760631296
