Cext = 1.9214426772e-05
Qext = 3.7603058316e-05
Cabs = 1.9214249455e-05
Qabs = 3.7602711309e-05
