Cext	= 987.219141
Qext	= 0.06452354707
Cabs	= 256.5825567
Qabs	= 0.01676995106
