Cext	= 3.546063173e-10
Qext	= 1.442916952e-07
Cabs	= 3.546082243e-10
Qabs	= 1.442924711e-07
