Cext	= 137692.5662
Qext	= 0.1218341861
Cabs	= 5759.9852
Qabs	= 0.005096594013
