Cext	= 8.982918123e-09
Qext	= 5.871135559e-07
Cabs	= 8.98287121e-09
Qabs	= 5.871104897e-07
