Cext = 4.0030286058e+01
Qext = 7.8340155470e-03
Cabs = 2.3334432955e+01
Qabs = 4.5666001566e-03
