Cext	= 112.4056222
Qext	= 0.02213054805
Cabs	= 73.88960591
Qabs	= 0.01454747051
