Cext	= 1371126.482
Qext	= 0.5394613415
Cabs	= 24676.06627
Qabs	= 0.00970864759
