Cext	= 34.84483096
Qext	= 0.001089872792
Cabs	= 30.94567566
Qabs	= 0.000967915441
