Cext	= 0.4019149515
Qext	= 0.002011198495
Cabs	= 0.3992200114
Qabs	= 0.001997712907
