Cext	= 13824.49075
Qext	= 0.02616636225
Cabs	= 1549.335181
Qabs	= 0.002932510595
