Cext	= 0.0004899153703
Qext	= 1.74332879e-05
Cabs	= 0.0004899094861
Qabs	= 1.743307851e-05
