Cext	= 0.6984013995
Qext	= 0.002761346007
Cabs	= 0.6940255249
Qabs	= 0.002744044633
