Cext	= 0.009291327254
Qext	= 4.649417325e-05
Cabs	= 0.009290606284
Qabs	= 4.649056549e-05
