Cext	= 2858568.993
Qext	= 1.751988052
Cabs	= 49529.23378
Qabs	= 0.03035596693
