Cext	= 6.577067936e-09
Qext	= 5.303287407e-06
Cabs	= 6.577014035e-09
Qabs	= 5.303243946e-06
