Cext	= 3.645537707e-07
Qext	= 2.343633151e-05
Cabs	= 3.645520169e-07
Qabs	= 2.343621876e-05
