Cext	= 0.8470408076
Qext	= 0.0001938749629
Cabs	= 0.841021146
Qabs	= 0.0001924971525
