Cext = 5.5898193150e-08
Qext = 1.2154888970e-06
Cabs = 5.5897715690e-08
Qabs = 1.2154785151e-06
