Cext	= 63914.0212
Qext	= 0.2263192321
Cabs	= 3715.214064
Qabs	= 0.01315555458
