Cext = 9.5864397158e-03
Qext = 6.7539148625e-05
Cabs = 9.5838522464e-03
Qabs = 6.7520919225e-05
