Cext	= 4289423.259
Qext	= 8.118823678
Cabs	= 173747.2715
Qabs	= 0.3288608694
