Cext	= 10.37675146
Qext	= 0.0004691522169
Cabs	= 9.601137513
Qabs	= 0.0004340852689
