Cext	= 2.911428115e-06
Qext	= 3.717857691e-06
Cabs	= 2.911413227e-06
Qabs	= 3.71783868e-06
