Cext	= 5.428667869e-06
Qext	= 4.244931919e-05
Cabs	= 5.428629938e-06
Qabs	= 4.244902259e-05
