Cext	= 0.0007768301198
Qext	= 0.0002487864956
Cabs	= 0.0007768135181
Qabs	= 0.0002487811788
