Cext	= 617866.6458
Qext	= 1.948931333
Cabs	= 24179.75356
Qabs	= 0.07626998426
