Cext = 8.9117138879e-10
Qext = 1.5696379124e-06
Cabs = 8.9118238948e-10
Qabs = 1.5696572881e-06
