Cext	= 2127.570722
Qext	= 0.09619142602
Cabs	= 533.5399667
Qabs	= 0.02412233338
