Cext	= 153.8290534
Qext	= 0.03100924643
Cabs	= 92.24010741
Qabs	= 0.01859399222
