Cext	= 2.084798668e-09
Qext	= 2.662262112e-07
Cabs	= 2.084780361e-09
Qabs	= 2.662238734e-07
