Cext	= 0.0005405489448
Qext	= 0.0002696384049
Cabs	= 0.0005405429401
Qabs	= 0.0002696354096
