Cext	= 5.71336673e-09
Qext	= 4.559936653e-06
Cabs	= 5.713317691e-09
Qabs	= 4.559897515e-06
