Cext	= 501961.8013
Qext	= 3.999249561
Cabs	= 31071.94112
Qabs	= 0.2475575762
