Cext	= 10018.13328
Qext	= 0.3231168697
Cabs	= 1479.079874
Qabs	= 0.04770506095
