Cext	= 0.00327380641
Qext	= 4.193858109e-05
Cabs	= 0.003273735459
Qabs	= 4.193767218e-05
