Cext	= 2.360736921
Qext	= 0.0003458159023
Cabs	= 2.329213416
Qabs	= 0.0003411981369
