Cext = 6.1342303771e-07
Qext = 2.7010855277e-06
Cabs = 6.1341778865e-07
Qabs = 2.7010624158e-06
