Cext	= 2051.414378
Qext	= 0.1026535961
Cabs	= 404.1778574
Qabs	= 0.02022522166
