Cext	= 3.850948736e-09
Qext	= 1.380060276e-06
Cabs	= 3.850956963e-09
Qabs	= 1.380063225e-06
