Cext	= 36.3190156
Qext	= 0.003253901451
Cabs	= 31.36973342
Qabs	= 0.002810484244
