Cext	= 15017467.06
Qext	= 4.547899698
Cabs	= 2648965.309
Qabs	= 0.8022144135
