Cext	= 2426.347722
Qext	= 0.154879668
Cabs	= 588.1846578
Qabs	= 0.03754525523
