Cext	= 4.317572678e-07
Qext	= 2.470569409e-05
Cabs	= 4.317531572e-07
Qabs	= 2.470545887e-05
