Cext = 1.5085785479e-08
Qext = 1.0628357748e-06
Cabs = 1.5085799843e-08
Qabs = 1.0628367866e-06
