Cext	= 2532088.038
Qext	= 3.226774484
Cabs	= 355414.5324
Qabs	= 0.4529236454
