Cext	= 4.41560409e-08
Qext	= 1.996376665e-06
Cabs	= 4.415627832e-08
Qabs	= 1.996387399e-06
