Cext = 1.3281429174e+01
Qext = 2.8880056388e-04
Cabs = 1.0754254272e+01
Qabs = 2.3384792831e-04
