Cext	= 0.4946076049
Qext	= 0.002236212895
Cabs	= 0.4920524597
Qabs	= 0.002224660609
