Cext = 7.0240157161e-02
Qext = 4.9486155004e-04
Cabs = 7.0037713820e-02
Qabs = 4.9343527998e-04
