Cext	= 458.4048163
Qext	= 0.05776081084
Cabs	= 195.9394627
Qabs	= 0.0246891434
