Cext = 5.3243399165e-03
Qext = 2.6049627545e-05
Cabs = 5.3239881186e-03
Qabs = 2.6047906357e-05
