Cext	= 14.63495808
Qext	= 0.0005359556576
Cabs	= 13.17873877
Qabs	= 0.0004826265687
