Cext	= 0.1187590701
Qext	= 0.001521344352
Cabs	= 0.1186300884
Qabs	= 0.001519692052
