Cext	= 7.14171285e-07
Qext	= 2.279969743e-05
Cabs	= 7.141651455e-07
Qabs	= 2.279950143e-05
