Cext	= 16614387.4
Qext	= 10.18279017
Cabs	= 504140.6921
Qabs	= 0.3089827363
