Cext = 2.4061618803e-08
Qext = 4.7089120356e-06
Cabs = 2.4061915809e-08
Qabs = 4.7089701621e-06
