Cext	= 8.482281922e-08
Qext	= 1.061231526e-05
Cabs	= 8.482223292e-08
Qabs	= 1.06122419e-05
