Cext	= 8.423672123e-05
Qext	= 0.000123395358
Cabs	= 8.423583956e-05
Qabs	= 0.0001233940665
