Cext	= 0.08323039133
Qext	= 0.0003280375934
Cabs	= 0.08317956902
Qabs	= 0.0003278372864
