Cext	= 1.02407151
Qext	= 0.003954419273
Cabs	= 1.015475718
Qabs	= 0.003921226897
