Cext	= 3.656556121e-07
Qext	= 1.823975367e-05
Cabs	= 3.656524712e-07
Qabs	= 1.823959699e-05
