Cext	= 1.214639782e-07
Qext	= 1.235612738e-05
Cabs	= 1.214646198e-07
Qabs	= 1.235619265e-05
