Cext	= 41092466.96
Qext	= 14.4019564
Cabs	= 1429238.116
Qabs	= 0.500914804
