Cext	= 456.6606539
Qext	= 0.03967606035
Cabs	= 163.298051
Qabs	= 0.01418782913
