Cext	= 233.1498834
Qext	= 0.02371756386
Cabs	= 100.1186607
Qabs	= 0.01018473908
