Cext	= 19725.27117
Qext	= 0.6213654483
Cabs	= 2270.416293
Qabs	= 0.07152034697
