Cext	= 0.000848352072
Qext	= 0.0002672392491
Cabs	= 0.0008483344735
Qabs	= 0.0002672337054
