Cext	= 3.182535377e-05
Qext	= 2.031489625e-05
Cabs	= 3.182511978e-05
Qabs	= 2.031474689e-05
