Cext	= 20742966.64
Qext	= 6.607421952
Cabs	= 336382.9544
Qabs	= 0.1071507348
