Cext	= 8.86762193e-09
Qext	= 6.934012595e-06
Cabs	= 8.867702185e-09
Qabs	= 6.93407535e-06
