Cext	= 1.864286596e-06
Qext	= 3.758075682e-06
Cabs	= 1.864290564e-06
Qabs	= 3.758083681e-06
