Cext	= 0.005185054032
Qext	= 0.000418086479
Cabs	= 0.005184632084
Qabs	= 0.0004180524561
