Cext	= 0.0002273551931
Qext	= 0.0002036925782
Cabs	= 0.000227355247
Qabs	= 0.0002036926265
