Cext	= 0.006788608772
Qext	= 0.0005346196381
Cabs	= 0.006787838358
Qabs	= 0.0005345589661
