Cext	= 7.422806864e-10
Qext	= 5.804243425e-07
Cabs	= 7.42275449e-10
Qabs	= 5.804202472e-07
