Cext	= 18902081.64
Qext	= 6.021982039
Cabs	= 372205.5439
Qabs	= 0.1185803311
