Cext	= 0.0001322487509
Qext	= 0.0001176494293
Cabs	= 0.0001322473974
Qabs	= 0.0001176482252
