Cext	= 6.79802621e-06
Qext	= 4.3702962e-06
Cabs	= 6.797973788e-06
Qabs	= 4.370262499e-06
