Cext	= 162.4462771
Qext	= 0.03175610496
Cabs	= 96.31456047
Qabs	= 0.01882822646
