Cext	= 10938604.93
Qext	= 4.303727314
Cabs	= 3411026.217
Qabs	= 1.342047436
