Cext = 4.4872773050e-09
Qext = 1.9758827170e-06
Cabs = 4.4872397771e-09
Qabs = 1.9758661925e-06
