Cext = 3.2585305093e-06
Qext = 6.3770163020e-06
Cabs = 3.2585334473e-06
Qabs = 6.3770220509e-06
