Cext	= 0.0003423405601
Qext	= 0.0001685010071
Cabs	= 0.0003423363097
Qabs	= 0.000168498915
