Cext	= 8.368208855e-11
Qext	= 2.679990519e-07
Cabs	= 8.368138921e-11
Qabs	= 2.679968122e-07
