Cext	= 1.733434186e-07
Qext	= 2.168726556e-05
Cabs	= 1.733449749e-07
Qabs	= 2.168746027e-05
