Cext	= 0.02939986854
Qext	= 9.261247839e-05
Cabs	= 0.02939586916
Qabs	= 9.259987996e-05
