Cext	= 0.6563229271
Qext	= 0.002116851551
Cabs	= 0.6503865713
Qabs	= 0.002097704903
