Cext	= 1.334271198e-07
Qext	= 1.064904885e-06
Cabs	= 1.33425948e-07
Qabs	= 1.064895533e-06
