Cext	= 0.00571543653
Qext	= 0.0004561588597
Cabs	= 0.005714764552
Qabs	= 0.0004561052279
