Cext	= 240.8490966
Qext	= 0.007713398488
Cabs	= 136.36839
Qabs	= 0.004367314423
