Cext	= 6.149834965e-07
Qext	= 2.423846661e-05
Cabs	= 6.149805972e-07
Qabs	= 2.423835234e-05
