Cext	= 6.022623037
Qext	= 0.0003923885267
Cabs	= 5.748126538
Qabs	= 0.0003745044128
