Cext = 2.4555454393e-01
Qext = 8.8265328124e-04
Cabs = 2.4291484811e-01
Qabs = 8.7316481435e-04
