Cext	= 3.885731386e-09
Qext	= 1.360048462e-06
Cabs	= 3.885711205e-09
Qabs	= 1.360041399e-06
