Cext	= 1.410603078
Qext	= 0.004412068798
Cabs	= 1.394423807
Qabs	= 0.004361463453
