Cext	= 0.08376743272
Qext	= 0.001055502618
Cabs	= 0.08366616886
Qabs	= 0.001054226653
