Cext	= 2.011860174e-08
Qext	= 6.292674132e-07
Cabs	= 2.011845975e-08
Qabs	= 6.292629721e-07
