Cext	= 13.49625119
Qext	= 0.0005319304269
Cabs	= 12.25506548
Qabs	= 0.0004830113284
