Cext	= 0.2304442661
Qext	= 0.002016450307
Cabs	= 0.2300154277
Qabs	= 0.002012697853
