Cext	= 0.0001859692875
Qext	= 0.000161575748
Cabs	= 0.0001859674739
Qabs	= 0.0001615741723
