Cext	= 219.5579334
Qext	= 0.03216225585
Cabs	= 110.7374942
Qabs	= 0.01622153918
