Cext	= 0.0001060382376
Qext	= 0.0001336123524
Cabs	= 0.0001060372674
Qabs	= 0.0001336111299
