Cext	= 0.2911059521
Qext	= 0.001896626021
Cabs	= 0.2902063359
Qabs	= 0.001890764803
