Cext	= 5.662682444e-07
Qext	= 2.238916699e-05
Cabs	= 5.662636117e-07
Qabs	= 2.238898382e-05
