Cext	= 2.277728419e-05
Qext	= 8.079530603e-05
Cabs	= 2.27771714e-05
Qabs	= 8.079490598e-05
