Cext = 2.4084248157e-07
Qext = 1.1783351627e-05
Cabs = 2.4084542947e-07
Qabs = 1.1783495856e-05
