Cext	= 20613.83646
Qext	= 0.03901692452
Cabs	= 2437.248465
Qabs	= 0.004613112148
