Cext	= 5.428660031e-09
Qext	= 4.24492579e-06
Cabs	= 5.428622513e-09
Qabs	= 4.244896454e-06
