Cext	= 6.785824967e-10
Qext	= 2.122462873e-06
Cabs	= 6.785778071e-10
Qabs	= 2.122448205e-06
