Cext	= 5.34890658e-06
Qext	= 4.212395494e-05
Cabs	= 5.348866127e-06
Qabs	= 4.212363636e-05
