Cext	= 15910778.39
Qext	= 5.948679871
Cabs	= 276899.9629
Qabs	= 0.103526628
