Cext	= 7.767230941
Qext	= 0.001549790287
Cabs	= 7.377210278
Qabs	= 0.001471969731
