Cext	= 1.881138641e-06
Qext	= 3.70360737e-06
Cabs	= 1.881128849e-06
Qabs	= 3.703588092e-06
