Cext	= 0.5467623034
Qext	= 0.002727377729
Cabs	= 0.5432658989
Qabs	= 0.002709936849
