Cext = 2.7766990968e+01
Qext = 4.8906554106e-04
Cabs = 2.1255350473e+01
Qabs = 3.7437472051e-04
