Cext	= 0.01052484706
Qext	= 6.718265491e-05
Cabs	= 0.01052448997
Qabs	= 6.718037556e-05
