Cext	= 8.357751806e-05
Qext	= 0.0001053109618
Cabs	= 8.357679183e-05
Qabs	= 0.0001053100468
