Cext	= 3.038921666e-08
Qext	= 2.00030515e-06
Cabs	= 3.038896263e-08
Qabs	= 2.000288429e-06
