Cext	= 4524989.236
Qext	= 8.56469216
Cabs	= 228668.0196
Qabs	= 0.4328123433
