Cext	= 3225181.932
Qext	= 0.9767162382
Cabs	= 53438.4635
Qabs	= 0.01618333978
