Cext	= 1.014748621e-08
Qext	= 4.994621862e-07
Cabs	= 1.014740843e-08
Qabs	= 4.994583578e-07
