Cext	= 1.466646065e-08
Qext	= 5.663406711e-07
Cabs	= 1.466635714e-08
Qabs	= 5.663366741e-07
