Cext	= 0.01142822271
Qext	= 0.0001440001036
Cabs	= 0.01142688898
Qabs	= 0.000143983298
