Cext	= 73776.02238
Qext	= 0.08936951846
Cabs	= 5058.13412
Qabs	= 0.006127234785
