Cext	= 1610430.839
Qext	= 5.699814764
Cabs	= 65513.4486
Qabs	= 0.231872436
