Cext	= 0.4450531106
Qext	= 0.002175050353
Cabs	= 0.4420888378
Qabs	= 0.002160563448
