Cext	= 29.6928114
Qext	= 0.01056597447
Cabs	= 22.09818389
Qabs	= 0.007863480615
