Cext	= 35.80966245
Qext	= 0.01283306947
Cabs	= 29.57405943
Qabs	= 0.01059842326
