Cext	= 6715598.468
Qext	= 3.177744219
Cabs	= 92320.0884
Qabs	= 0.04368480763
