Cext	= 1.313356735e-08
Qext	= 4.809723188e-07
Cabs	= 1.313363798e-08
Qabs	= 4.809749053e-07
