Cext	= 1.159813582e-08
Qext	= 1.451060868e-06
Cabs	= 1.159805398e-08
Qabs	= 1.45105063e-06
