Cext	= 301.638573
Qext	= 0.03800764726
Cabs	= 120.9743558
Qabs	= 0.01524324491
