Cext	= 0.00105579634
Qext	= 0.0003370597168
Cabs	= 0.001055778122
Qabs	= 0.0003370539008
