Cext	= 3160030.79
Qext	= 6.285045243
Cabs	= 205955.1211
Qabs	= 0.4096280512
