Cext	= 4.874184059e-07
Qext	= 1.895575226e-05
Cabs	= 4.874147537e-07
Qabs	= 1.895561022e-05
