Cext	= 210218.2018
Qext	= 0.1768406107
Cabs	= 9305.986877
Qabs	= 0.007828420129
