Cext	= 0.3449649439
Qext	= 0.001697927363
Cabs	= 0.3432732615
Qabs	= 0.001689600854
