Cext	= 4.949060157
Qext	= 0.003949930378
Cabs	= 4.589820925
Qabs	= 0.003663215344
