Cext = 1.1150120243e-06
Qext = 1.9638928817e-05
Cabs = 1.1150256472e-06
Qabs = 1.9639168755e-05
