Cext	= 214633.0252
Qext	= 0.1900036195
Cabs	= 9867.062787
Qabs	= 0.0087348051
