Cext	= 8.313520975e-05
Qext	= 3.276624523e-05
Cabs	= 8.313473606e-05
Qabs	= 3.276605854e-05
