Cext	= 341332.8608
Qext	= 2.562693403
Cabs	= 18451.34417
Qabs	= 0.1385308695
