Cext	= 10027602.66
Qext	= 8.435460695
Cabs	= 322567.3287
Qabs	= 0.2713514001
