Cext	= 15.9866524
Qext	= 0.002041475738
Cabs	= 14.49547471
Qabs	= 0.001851054191
