Cext	= 1594.851835
Qext	= 0.101803266
Cabs	= 351.3185527
Qabs	= 0.02242551647
