Cext	= 1.782846651e-08
Qext	= 2.30010048e-06
Cabs	= 1.78285046e-08
Qabs	= 2.300105394e-06
