Cext	= 5.364290296
Qext	= 0.004294899716
Cabs	= 4.986272649
Qabs	= 0.003992241247
