Cext	= 0.424967695
Qext	= 0.002141651348
Cabs	= 0.4222496515
Qabs	= 0.002127953597
