Cext	= 7.864958527e-07
Qext	= 2.818556565e-06
Cabs	= 7.864975302e-07
Qabs	= 2.818562577e-06
