Cext	= 0.0001426285607
Qext	= 4.600227685e-05
Cabs	= 0.0001426287598
Qabs	= 4.600234104e-05
