Cext	= 0.6806948204
Qext	= 0.003430404232
Cabs	= 0.6768113204
Qabs	= 0.003410833091
