Cext	= 0.0002293395699
Qext	= 0.0001474371854
Cabs	= 0.0002293370957
Qabs	= 0.0001474355948
