Cext = 1.9075678617e+01
Qext = 3.7331525099e-03
Cabs = 1.1980660817e+01
Qabs = 2.3446418293e-03
