Cext	= 1054150.864
Qext	= 1.343148197
Cabs	= 24540.13228
Qabs	= 0.03126785315
