Cext	= 4.345617955e-09
Qext	= 3.775604462e-07
Cabs	= 4.345587286e-09
Qabs	= 3.775577815e-07
