Cext	= 0.07702917928
Qext	= 0.0002459132729
Cabs	= 0.07695946086
Qabs	= 0.000245690699
