Cext	= 0.1096206579
Qext	= 0.0004232966525
Cabs	= 0.1095602857
Qabs	= 0.0004230635273
