Cext	= 2.836850541e-09
Qext	= 2.885833906e-07
Cabs	= 2.836865797e-09
Qabs	= 2.885849425e-07
