Cext	= 5.83312814e-06
Qext	= 1.335115725e-05
Cabs	= 5.833069142e-06
Qabs	= 1.335102221e-05
