Cext	= 11061979
Qext	= 8.723175798
Cabs	= 253257.9208
Qabs	= 0.1997123088
