Cext	= 2.351422973e-07
Qext	= 1.851803427e-06
Cabs	= 2.35141075e-07
Qabs	= 1.851793801e-06
