Cext = 1.5085800041e-05
Qext = 1.0628368006e-05
Cabs = 1.5085810866e-05
Qabs = 1.0628375631e-05
