Cext	= 4.149528089e-09
Qext	= 3.71765458e-07
Cabs	= 4.149493395e-09
Qabs	= 3.717623497e-07
