Cext = 6.5517304917e-01
Qext = 1.4246535035e-03
Cabs = 6.4560549106e-01
Qabs = 1.4038491446e-03
