Cext	= 0.05843815035
Qext	= 0.0002915031061
Cabs	= 0.05841299404
Qabs	= 0.0002913776206
