Cext	= 104.5469587
Qext	= 0.02043755175
Cabs	= 58.92921629
Qabs	= 0.01151988468
