Cext	= 8.609523421e-10
Qext	= 2.69287727e-06
Cabs	= 8.609463868e-10
Qabs	= 2.692858643e-06
