Cext	= 0.006901237311
Qext	= 4.405227386e-05
Cabs	= 0.006900870416
Qabs	= 4.404993187e-05
