Cext	= 8.502728428e-06
Qext	= 6.696107771e-05
Cabs	= 8.502686962e-06
Qabs	= 6.696075115e-05
