Cext	= 36.86580541
Qext	= 0.01290343489
Cabs	= 30.08565944
Qabs	= 0.01053030969
