Cext	= 10599.12474
Qext	= 0.3383737799
Cabs	= 1435.394995
Qabs	= 0.04582454134
