Cext = 1.2068628098e-10
Qext = 2.1256714988e-07
Cabs = 1.2068639592e-10
Qabs = 2.1256735232e-07
