Cext	= 23.6686351
Qext	= 0.0009204756691
Cabs	= 21.61846598
Qabs	= 0.0008407443798
