Cext	= 10.91113384
Qext	= 0.000537049142
Cabs	= 10.2047924
Qabs	= 0.0005022828133
