Cext	= 1.609488128e-10
Qext	= 1.258534818e-07
Cabs	= 1.609476769e-10
Qabs	= 1.258525936e-07
