Cext	= 20.17691472
Qext	= 0.001789282675
Cabs	= 16.93438207
Qabs	= 0.001501735864
