Cext	= 8.282558913
Qext	= 0.00663140098
Cabs	= 7.752574033
Qabs	= 0.006207070493
