Cext = 3.3333874521e+00
Qext = 6.5235129963e-04
Cabs = 3.1734107269e+00
Qabs = 6.2104350043e-04
