Cext	= 1.150108326
Qext	= 0.0009273668852
Cabs	= 1.1433424
Qabs	= 0.0009219113152
