Cext	= 0.4921053007
Qext	= 0.00017511215
Cabs	= 0.490311736
Qabs	= 0.0001744739229
