Cext = 1.1139642834e-07
Qext = 7.8481898959e-06
Cabs = 1.1139780316e-07
Qabs = 7.8482867561e-06
