Cext	= 1578.733373
Qext	= 0.1028583158
Cabs	= 323.8746352
Qabs	= 0.02110121955
