Cext	= 6.887618832e-09
Qext	= 5.385754614e-06
Cabs	= 6.887571189e-09
Qabs	= 5.38571736e-06
