Cext	= 0.06770514673
Qext	= 0.001350916171
Cabs	= 0.06765032239
Qabs	= 0.001349822264
