Cext	= 3.244973386e-05
Qext	= 2.819331134e-05
Cabs	= 3.245004178e-05
Qabs	= 2.819357886e-05
