Cext	= 2.276850606e-05
Qext	= 9.264658229e-05
Cabs	= 2.276828327e-05
Qabs	= 9.264567577e-05
