Cext	= 313978186
Qext	= 9.903786339
Cabs	= 31601190.96
Qabs	= 0.9967935906
