Cext = 1.5088573475e-02
Qext = 1.0630321966e-04
Cabs = 1.5085045314e-02
Qabs = 1.0627836279e-04
