Cext	= 27849057.94
Qext	= 12.35306796
Cabs	= 607359.5286
Qabs	= 0.2694078037
