Cext	= 0.5375087726
Qext	= 0.0001881339462
Cabs	= 0.5355428884
Qabs	= 0.0001874458653
