Cext	= 5.248498278
Qext	= 0.001047229278
Cabs	= 4.964851763
Qabs	= 0.000990633483
