Cext	= 6762.285878
Qext	= 0.2673678936
Cabs	= 836.9694017
Qabs	= 0.03309217475
