Cext	= 8.368209278e-08
Qext	= 2.679990654e-06
Cabs	= 8.368139337e-08
Qabs	= 2.679968255e-06
