Cext	= 2.268099627e-09
Qext	= 2.905513284e-07
Cabs	= 2.268080667e-09
Qabs	= 2.905488995e-07
