Cext	= 0.006224235094
Qext	= 4.068090957e-05
Cabs	= 0.006223894356
Qabs	= 4.067868255e-05
