Cext	= 439.9870317
Qext	= 0.03914155924
Cabs	= 153.7951198
Qabs	= 0.01368172323
