Cext	= 0.0001319652254
Qext	= 0.0001685179605
Cabs	= 0.0001319644026
Qabs	= 0.0001685169099
