Cext	= 3.850950556e-06
Qext	= 1.380060929e-05
Cabs	= 3.850958707e-06
Qabs	= 1.38006385e-05
