Cext	= 2.327538357e-07
Qext	= 1.485724262e-05
Cabs	= 2.327522264e-07
Qabs	= 1.48571399e-05
