Cext	= 5.261654662e-08
Qext	= 1.060657545e-05
Cabs	= 5.261611538e-08
Qabs	= 1.060648852e-05
