Cext = 1.6629116802e-02
Qext = 2.9289194551e-05
Cabs = 1.6623565152e-02
Qabs = 2.9279416326e-05
