Cext	= 73491.48485
Qext	= 0.09368387403
Cabs	= 5247.900454
Qabs	= 0.006689804215
