Cext	= 0.00091234563
Qext	= 7.281588029e-05
Cabs	= 0.0009123349178
Qabs	= 7.281502534e-05
