Cext	= 0.0002844437311
Qext	= 0.0002548394702
Cabs	= 0.0002844435982
Qabs	= 0.0002548393512
