Cext	= 23.82135498
Qext	= 0.002084433662
Cabs	= 20.0849514
Qabs	= 0.001757488138
