Cext	= 0.002911567027
Qext	= 3.71803508e-05
Cabs	= 0.00291150222
Qabs	= 3.717952323e-05
