Cext	= 1.334271145e-10
Qext	= 1.064904843e-07
Cabs	= 1.334259428e-10
Qabs	= 1.064895492e-07
