Cext	= 0.4925484929
Qext	= 0.001915526187
Cabs	= 0.4891199139
Qabs	= 0.001902192408
