Cext = 4.5627970888e-07
Qext = 1.2557102142e-05
Cabs = 4.5628533650e-07
Qabs = 1.2557257016e-05
