Cext = 6.6551464684e-04
Qext = 1.3024268884e-05
Cabs = 6.6550970391e-04
Qabs = 1.3024172149e-05
