Cext	= 24.59509216
Qext	= 0.0009497315907
Cabs	= 22.52301856
Qabs	= 0.0008697191337
