Cext	= 55394.10088
Qext	= 0.5441391461
Cabs	= 4220.189538
Qabs	= 0.04145514225
