Cext	= 1.322463534e-07
Qext	= 1.176472965e-05
Cabs	= 1.322452735e-07
Qabs	= 1.176463358e-05
