Cext	= 3.450316185e-07
Qext	= 1.974314332e-05
Cabs	= 3.450283145e-07
Qabs	= 1.974295426e-05
