Cext	= 8.278146419
Qext	= 0.001212636041
Cabs	= 7.606543763
Qabs	= 0.001114255371
