Cext = 7.6678195907e-05
Qext = 1.3505483331e-05
Cabs = 7.6677380678e-05
Qabs = 1.3505339746e-05
