Cext	= 9.574370592e-09
Qext	= 4.328750866e-07
Cabs	= 9.574422079e-09
Qabs	= 4.328774145e-07
