Cext	= 431006.5737
Qext	= 0.8157894814
Cabs	= 16143.30145
Qabs	= 0.03055530083
