Cext	= 5.15288812e-08
Qext	= 3.289213634e-06
Cabs	= 5.15293787e-08
Qabs	= 3.289245391e-06
