Cext	= 9.614887008e-09
Qext	= 1.227809178e-06
Cabs	= 9.6148026e-09
Qabs	= 1.227798399e-06
