Cext	= 6574895.52
Qext	= 7.964582904
Cabs	= 186105.4925
Qabs	= 0.2254412438
