Cext	= 1.909197474e-08
Qext	= 7.54860289e-07
Cabs	= 1.909187503e-08
Qabs	= 7.548563467e-07
