Cext	= 0.07697112108
Qext	= 0.0003761709786
Cabs	= 0.0769415624
Qabs	= 0.0003760265203
