Cext	= 0.00110850855
Qext	= 0.0003467180855
Cabs	= 0.001108509298
Qabs	= 0.0003467183194
