Cext	= 5.720687559e-09
Qext	= 3.727166966e-07
Cabs	= 5.720637324e-09
Qabs	= 3.727134237e-07
