Cext	= 996.1053863
Qext	= 0.06358382604
Cabs	= 267.6889373
Qabs	= 0.017087235
