Cext	= 2.097300749e-05
Qext	= 7.463094644e-05
Cabs	= 2.097282863e-05
Qabs	= 7.463031e-05
