Cext	= 4.750610177e-05
Qext	= 2.321704106e-05
Cabs	= 4.750574556e-05
Qabs	= 2.321686698e-05
