Cext = 9.7255326416e-01
Qext = 4.2824435754e-04
Cabs = 9.5819112370e-01
Qabs = 4.2192027643e-04
