Cext	= 1.881679269
Qext	= 0.0003793136269
Cabs	= 1.867073354
Qabs	= 0.00037636933
