Cext	= 4.420215689
Qext	= 0.0003867809527
Cabs	= 4.294556962
Qabs	= 0.0003757854707
