Cext	= 2.908853145
Qext	= 0.0002959079766
Cabs	= 2.840410237
Qabs	= 0.0002889455066
