Cext = 1.0982328110e+03
Qext = 3.9476312629e-02
Cabs = 1.7497498357e+02
Qabs = 6.2895290396e-03
