Cext = 1.6590736567e+01
Qext = 1.1688637874e-03
Cabs = 1.3479700556e+01
Qabs = 9.4968260022e-04
