Cext	= 0.02279505026
Qext	= 0.0008085832563
Cabs	= 0.02278938275
Qabs	= 0.0008083822191
