Cext	= 0.7377524572
Qext	= 0.0005809982058
Cabs	= 0.7326401606
Qabs	= 0.0005769721465
