Cext	= 2.449606694e-07
Qext	= 1.595978291e-05
Cabs	= 2.449585658e-07
Qabs	= 1.595964585e-05
