Cext	= 9908.874371
Qext	= 0.3905404324
Cabs	= 1353.002815
Qabs	= 0.05332616851
