Cext	= 7.57133752e-09
Qext	= 1.109098135e-06
Cabs	= 7.571378232e-09
Qabs	= 1.109104099e-06
