Cext	= 1.108453197e-06
Qext	= 3.467007724e-05
Cabs	= 1.10846322e-06
Qabs	= 3.467039073e-05
