Cext	= 5.510095371e-08
Qext	= 1.077150983e-05
Cabs	= 5.510057253e-08
Qabs	= 1.077143531e-05
