Cext	= 138894.5733
Qext	= 0.1168414578
Cabs	= 5772.698033
Qabs	= 0.004856132518
