Cext	= 9035608.036
Qext	= 4.497162514
Cabs	= 135515.4747
Qabs	= 0.0674481574
