Cext	= 4090.289887
Qext	= 0.01290196546
Cabs	= 895.454256
Qabs	= 0.002824523494
