Cext	= 0.02078282158
Qext	= 0.0001553265893
Cabs	= 0.02077779608
Qabs	= 0.0001552890297
