Cext	= 6052870.472
Qext	= 5.358296082
Cabs	= 532107.0049
Qabs	= 0.4710470664
