Cext	= 0.007583942064
Qext	= 0.0006072055914
Cabs	= 0.007583379762
Qabs	= 0.0006071605709
