Cext = 1.2120423279e-05
Qext = 2.6355485025e-06
Cabs = 1.2120316873e-05
Qabs = 2.6355253646e-06
