Cext = 3.6958185608e+00
Qext = 1.8081996742e-04
Cabs = 3.4540148812e+00
Qabs = 1.6898958859e-04
