Cext	= 5.183904149e-09
Qext	= 4.179937605e-06
Cabs	= 5.183861702e-09
Qabs	= 4.179903379e-06
