Cext	= 1.814479698e-11
Qext	= 5.811026555e-08
Cabs	= 1.81446453e-11
Qabs	= 5.810977977e-08
