Cext	= 3.134728782e-07
Qext	= 1.568630822e-05
Cabs	= 3.134703176e-07
Qabs	= 1.568618009e-05
