Cext	= 6129126.794
Qext	= 3.984407039
Cabs	= 98161.34031
Qabs	= 0.06381247255
