Cext	= 0.00492352506
Qext	= 9.823875941e-05
Cabs	= 0.004923199112
Qabs	= 9.82322558e-05
