Cext	= 2.841900666e-05
Qext	= 0.0001018448826
Cabs	= 2.841905674e-05
Qabs	= 0.0001018450621
