Cext	= 446.8404413
Qext	= 0.05590490479
Cabs	= 195.8709922
Qabs	= 0.02450572544
