Cext	= 6.122515383e-10
Qext	= 1.960787961e-06
Cabs	= 6.122465402e-10
Qabs	= 1.960771954e-06
