Cext	= 7212320.348
Qext	= 4.690798271
Cabs	= 1624519.267
Qabs	= 1.05656596
