Cext	= 1.518303134e-05
Qext	= 6.178077554e-05
Cabs	= 1.518310708e-05
Qabs	= 6.178108376e-05
