Cext	= 2.509211732
Qext	= 0.001021015128
Cabs	= 2.4657344
Qabs	= 0.001003323909
