Cext	= 1749.048829
Qext	= 0.1124423651
Cabs	= 369.7120786
Qabs	= 0.02376794738
