Cext	= 1.140393781e-10
Qext	= 3.640671882e-07
Cabs	= 1.140387974e-10
Qabs	= 3.640653343e-07
