Cext	= 3.744237184e-05
Qext	= 0.0001301242655
Cabs	= 3.744269626e-05
Qabs	= 0.000130125393
