Cext	= 0.05407352272
Qext	= 0.001078925308
Cabs	= 0.05404202086
Qabs	= 0.001078296753
