Cext	= 5976.928413
Qext	= 0.04755050566
Cabs	= 837.44313
Qabs	= 0.006662426174
