Cext	= 9.835918456e-09
Qext	= 4.956872785e-07
Cabs	= 9.835836216e-09
Qabs	= 4.95683134e-07
