Cext	= 0.0001184660489
Qext	= 0.0001517590649
Cabs	= 0.0001184653487
Qabs	= 0.0001517581679
