Cext	= 0.9725164721
Qext	= 0.003872440688
Cabs	= 0.9646411873
Qabs	= 0.003841082275
