Cext	= 0.1783775293
Qext	= 0.001598123991
Cabs	= 0.1778929778
Qabs	= 0.001593782785
