Cext	= 371169.8732
Qext	= 2.952907235
Cabs	= 18281.54737
Qabs	= 0.1454420669
