Cext	= 0.8643908163
Qext	= 0.002722916114
Cabs	= 0.8531261716
Qabs	= 0.002687431375
