Cext	= 0.6208919686
Qext	= 0.001988459679
Cabs	= 0.6150048586
Qabs	= 0.001969605705
