Cext	= 9.114285441e-05
Qext	= 3.337797634e-05
Cabs	= 9.114187647e-05
Qabs	= 3.33776182e-05
