Cext	= 4.504813593e-09
Qext	= 3.366806225e-07
Cabs	= 4.504837818e-09
Qabs	= 3.366824331e-07
