Cext	= 4.408077288e-07
Qext	= 2.15430245e-05
Cabs	= 4.408046768e-07
Qabs	= 2.154287534e-05
