Cext	= 1850299.299
Qext	= 3.684273165
Cabs	= 240665.4858
Qabs	= 0.4792075486
