Cext	= 283175.6632
Qext	= 0.1735555027
Cabs	= 8857.188855
Qabs	= 0.005428481555
