Cext	= 4.05620923e-09
Qext	= 1.409662959e-06
Cabs	= 4.056248393e-09
Qabs	= 1.40967657e-06
