Cext	= 0.0150511751
Qext	= 7.408231619e-05
Cabs	= 0.01505008854
Qabs	= 7.40769681e-05
