Cext	= 0.1324325416
Qext	= 0.001691147176
Cabs	= 0.1322239279
Qabs	= 0.001688483204
