Cext	= 5.441736031e-07
Qext	= 2.678438106e-05
Cabs	= 5.441709844e-07
Qabs	= 2.678425217e-05
