Cext = 1.2620010603e-08
Qext = 3.4731056204e-07
Cabs = 1.2620022613e-08
Qabs = 3.4731089259e-07
