Cext	= 0.0285339574
Qext	= 0.001012153074
Cabs	= 0.02852412549
Qabs	= 0.001011804318
