Cext	= 2.401347762e-06
Qext	= 3.098046114e-06
Cabs	= 2.401327646e-06
Qabs	= 3.098020161e-06
