Cext	= 0.003079318663
Qext	= 0.0001092292179
Cabs	= 0.003079233873
Qabs	= 0.0001092262103
