Cext	= 1.439159766e-10
Qext	= 4.533494852e-07
Cabs	= 1.439152291e-10
Qabs	= 4.533471308e-07
