Cext	= 1.32981754e-09
Qext	= 4.189056083e-06
Cabs	= 1.329811208e-09
Qabs	= 4.189036137e-06
