Cext	= 0.0006072003084
Qext	= 0.0003038454633
Cabs	= 0.0006071936512
Qabs	= 0.0003038421319
