Cext	= 6.627325775e-06
Qext	= 5.758021305e-06
Cabs	= 6.62738959e-06
Qabs	= 5.75807675e-06
