Cext	= 336.4805976
Qext	= 0.03422905449
Cabs	= 153.4011602
Qabs	= 0.01560499092
