Cext	= 1501.045896
Qext	= 0.06786507437
Cabs	= 346.6793494
Qabs	= 0.01567401762
