Cext = 8.1958488253e+01
Qext = 9.0221948359e-03
Cabs = 2.9187557023e+01
Qabs = 3.2130390861e-03
