Cext = 5.7027454109e-09
Qext = 2.0498691931e-07
Cabs = 5.7026966964e-09
Qabs = 2.0498516834e-07
