Cext	= 2.467931164e-06
Qext	= 8.638028857e-06
Cabs	= 2.467912195e-06
Qabs	= 8.637962463e-06
