Cext = 4.9073848384e-09
Qext = 5.4021716439e-07
Cabs = 4.9073429288e-09
Qabs = 5.4021255093e-07
