Cext	= 0.1449453841
Qext	= 0.001268311723
Cabs	= 0.1446437637
Qabs	= 0.001265672462
