Cext	= 1.008173143e-05
Qext	= 6.48131549e-06
Cabs	= 1.008167859e-05
Qabs	= 6.481281515e-06
