Cext	= 0.03068859422
Qext	= 9.598744759e-05
Cabs	= 0.03068499153
Qabs	= 9.597617916e-05
