Cext	= 10617.324
Qext	= 0.3424426886
Cabs	= 1141.176847
Qabs	= 0.03680660661
