Cext	= 2248728.562
Qext	= 4.472538937
Cabs	= 219231.8028
Qabs	= 0.4360342955
