Cext = 1.3972325569e-01
Qext = 9.8438941019e-04
Cabs = 1.3922988856e-01
Qabs = 9.8091350059e-04
