Cext	= 3737.613299
Qext	= 0.1443267381
Cabs	= 606.7059347
Qabs	= 0.02342775497
