Cext	= 5273612.998
Qext	= 3.428798765
Cabs	= 978642.3382
Qabs	= 0.6362938733
