Cext	= 1.877877017e-05
Qext	= 2.349441235e-05
Cabs	= 1.877894968e-05
Qabs	= 2.349463694e-05
