Cext	= 0.00898383111
Qext	= 5.871732277e-05
Cabs	= 0.008983378685
Qabs	= 5.871436577e-05
