Cext	= 20.68915464
Qext	= 0.0007576700539
Cabs	= 18.68986623
Qabs	= 0.0006844529031
