Cext	= 6922370.989
Qext	= 4.502219023
Cabs	= 890437.3778
Qabs	= 0.5791287562
