Cext	= 7.144325706
Qext	= 0.0004592924257
Cabs	= 6.827405394
Qabs	= 0.0004389183408
