Cext	= 2110515.523
Qext	= 7.473325001
Cabs	= 121450.4795
Qabs	= 0.4300555456
