Cext	= 7.589597467e-08
Qext	= 1.519145973e-05
Cabs	= 7.589561177e-08
Qabs	= 1.519138709e-05
