Cext	= 1.921079521e-05
Qext	= 6.196096458e-06
Cabs	= 1.921063211e-05
Qabs	= 6.196043853e-06
