Cext	= 0.489130924
Qext	= 0.00244763071
Cabs	= 0.4869724843
Qabs	= 0.002436829792
