Cext = 8.7968504484e+01
Qext = 9.6837924138e-03
Cabs = 4.0213173687e+01
Qabs = 4.4267664727e-03
