Cext	= 2.454564361e-07
Qext	= 1.919339855e-06
Cabs	= 2.454588061e-07
Qabs	= 1.919358388e-06
