Cext	= 1941.651144
Qext	= 0.09785072699
Cabs	= 403.5251647
Qabs	= 0.02033590372
