Cext	= 0.0106425776
Qext	= 0.0008381291627
Cabs	= 0.01064150425
Qabs	= 0.0008380446337
