Cext	= 0.4595924618
Qext	= 0.002954615248
Cabs	= 0.457708311
Qabs	= 0.002942502471
