Cext = 1.9305489572e-01
Qext = 9.4453175585e-04
Cabs = 1.9221016557e-01
Qabs = 9.4039886693e-04
