Cext	= 0.6800221272
Qext	= 0.002490350189
Cabs	= 0.6752215867
Qabs	= 0.002472769839
