Cext	= 3409724.837
Qext	= 6.791523041
Cabs	= 288927.1559
Qabs	= 0.5754879148
