Cext	= 4573059.307
Qext	= 5.192913889
Cabs	= 114500.2444
Qabs	= 0.1300201614
