Cext	= 1.444202396e-07
Qext	= 1.263716565e-05
Cabs	= 1.444191582e-07
Qabs	= 1.263707102e-05
