Cext	= 0.0006742505783
Qext	= 0.000339792807
Cabs	= 0.0006742480191
Qabs	= 0.0003397915173
