Cext	= 66.30323305
Qext	= 0.004232296396
Cabs	= 52.70230666
Qabs	= 0.003364116232
