Cext	= 0.01662093655
Qext	= 0.0001473939611
Cabs	= 0.01661756993
Qabs	= 0.000147364106
