Cext	= 1172369.511
Qext	= 3.912015328
Cabs	= 37516.837
Qabs	= 0.1251878695
