Cext	= 0.7830522369
Qext	= 0.003045298254
Cabs	= 0.7781725674
Qabs	= 0.003026321169
