Cext	= 299.6990228
Qext	= 0.0377632563
Cabs	= 150.8129941
Qabs	= 0.01900303076
