Cext	= 0.0002295780212
Qext	= 0.0002008870426
Cabs	= 0.00022957649
Qabs	= 0.0002008857028
