Cext	= 5.607402274e-08
Qext	= 2.210056588e-06
Cabs	= 5.607353044e-08
Qabs	= 2.210037185e-06
