Cext	= 45456.18523
Qext	= 0.05460488779
Cabs	= 3024.974238
Qabs	= 0.003633793246
