Cext	= 20181.50154
Qext	= 0.04019771075
Cabs	= 2487.978282
Qabs	= 0.004955579301
