Cext	= 3.918410113e-08
Qext	= 7.843152379e-06
Cabs	= 3.918378122e-08
Qabs	= 7.843088346e-06
