Cext	= 0.01808198977
Qext	= 0.0001608586669
Cabs	= 0.01807844464
Qabs	= 0.0001608271292
