Cext	= 3950001.622
Qext	= 5.035297016
Cabs	= 615699.4833
Qabs	= 0.7848679743
