Cext	= 5986.013526
Qext	= 0.2366755645
Cabs	= 1026.898774
Qabs	= 0.04060162009
