Cext	= 1.142560216e-08
Qext	= 1.439670836e-06
Cabs	= 1.142551461e-08
Qabs	= 1.439659804e-06
