Cext = 5.7027484204e-06
Qext = 2.0498702761e-06
Cabs = 5.7026990743e-06
Qabs = 2.0498525375e-06
