Cext	= 5.54048484e-05
Qext	= 8.116057944e-05
Cabs	= 5.540508576e-05
Qabs	= 8.116092714e-05
