Cext	= 4.056211008e-06
Qext	= 1.409663578e-05
Cabs	= 4.056250088e-06
Qabs	= 1.409677159e-05
