Cext	= 2.329144929e-05
Qext	= 7.435723162e-06
Cabs	= 2.329132739e-05
Qabs	= 7.435684247e-06
