Cext	= 1.052551267e-09
Qext	= 3.394814793e-06
Cabs	= 1.052553351e-09
Qabs	= 3.394821514e-06
