Cext	= 0.5484462256
Qext	= 0.002699468077
Cabs	= 0.5460391527
Qabs	= 0.002687620395
