Cext	= 0.003546359539
Qext	= 0.0003246834476
Cabs	= 0.003546152527
Qabs	= 0.0003246644948
