Cext	= 5.656881375e-09
Qext	= 5.0324019e-07
Cabs	= 5.656851832e-09
Qabs	= 5.032375618e-07
