Cext	= 5.656883861e-06
Qext	= 5.032404111e-06
Cabs	= 5.656854157e-06
Qabs	= 5.032377686e-06
