Cext	= 162333.4257
Qext	= 0.2880263804
Cabs	= 7262.405041
Qabs	= 0.01288560399
