Cext	= 0.02994629782
Qext	= 0.001040730012
Cabs	= 0.02993980055
Qabs	= 0.001040504211
