Cext	= 374.1432588
Qext	= 0.002832644825
Cabs	= 179.2407021
Qabs	= 0.001357034331
