Cext	= 3.911550796e-08
Qext	= 2.5484704e-06
Cabs	= 3.911530877e-08
Qabs	= 2.548457422e-06
