Cext = 3.0105315123e-08
Qext = 5.8916767796e-06
Cabs = 3.0105683770e-08
Qabs = 5.8917489241e-06
