Cext	= 0.000475669102
Qext	= 0.0003036311403
Cabs	= 0.0004756714684
Qabs	= 0.0003036326509
