Cext	= 0.0001646073844
Qext	= 0.0002123646043
Cabs	= 0.0001646074759
Qabs	= 0.0002123647225
