Cext	= 0.01445074044
Qext	= 5.619907917e-05
Cabs	= 0.01444919983
Qabs	= 5.61930877e-05
