Cext	= 5.183912157e-06
Qext	= 4.179944062e-05
Cabs	= 5.183869331e-06
Qabs	= 4.17990953e-05
