Cext	= 97.86284005
Qext	= 0.004424560858
Cabs	= 67.56159486
Qabs	= 0.003054585254
