Cext	= 2.004157878e-08
Qext	= 1.741273049e-06
Cabs	= 2.004143737e-08
Qabs	= 1.741260763e-06
