Cext	= 0.001287616128
Qext	= 2.51711973e-05
Cabs	= 0.001287595963
Qabs	= 2.51708031e-05
