Cext	= 0.000599364643
Qext	= 0.0002386596111
Cabs	= 0.0005993542292
Qabs	= 0.0002386554645
