Cext	= 1.122380152
Qext	= 0.003510568299
Cabs	= 1.113105626
Qabs	= 0.003481559538
