Cext	= 1.010939139e-06
Qext	= 3.903709041e-05
Cabs	= 1.010948208e-06
Qabs	= 3.903744062e-05
