Cext	= 1.861487928e-05
Qext	= 6.817067605e-06
Cabs	= 1.86146898e-05
Qabs	= 6.816998214e-06
