Cext	= 726928.4062
Qext	= 0.361860757
Cabs	= 14691.70649
Qabs	= 0.007313446533
