Cext	= 3000000863
Qext	= 8.516588734
Cabs	= 712622159.5
Qabs	= 2.023036036
