Cext	= 4.922826567e-06
Qext	= 9.822482242e-06
Cabs	= 4.922783068e-06
Qabs	= 9.82239545e-06
