Cext = 6.8850494411e+03
Qext = 1.2126774681e-01
Cabs = 4.2500312311e+02
Qabs = 7.4856646360e-03
