Cext	= 8.645030103e-07
Qext	= 3.418080115e-05
Cabs	= 8.644988698e-07
Qabs	= 3.418063744e-05
