Cext	= 0.0007100439828
Qext	= 0.000347010588
Cabs	= 0.0007100461142
Qabs	= 0.0003470116296
