Cext	= 8.445621081e-06
Qext	= 6.740596035e-05
Cabs	= 8.445580864e-06
Qabs	= 6.740563937e-05
