Cext	= 0.0002561563934
Qext	= 0.0002278785492
Cabs	= 0.0002561545007
Qabs	= 0.0002278768655
