Cext	= 64186.43073
Qext	= 0.2269539749
Cabs	= 3447.468615
Qabs	= 0.01218975252
