Cext	= 0.06744708991
Qext	= 0.001359615356
Cabs	= 0.06741243744
Qabs	= 0.001358916823
