Cext	= 1.184642732e-07
Qext	= 1.517567903e-05
Cabs	= 1.184637012e-07
Qabs	= 1.517560575e-05
