Cext	= 1.646047054e-07
Qext	= 2.123611482e-05
Cabs	= 1.646050282e-07
Qabs	= 2.123615646e-05
