Cext = 3.2587041660e-03
Qext = 6.3773561538e-05
Cabs = 3.2585419613e-03
Qabs = 6.3770387135e-05
