Cext	= 0.003602767829
Qext	= 3.19492358e-05
Cabs	= 0.00360262755
Qabs	= 3.194799181e-05
