Cext	= 12729828.91
Qext	= 3.855109842
Cabs	= 1790937.584
Qabs	= 0.5423687274
