Cext	= 5.405182554e-07
Qext	= 2.696230963e-05
Cabs	= 5.405157324e-07
Qabs	= 2.696218378e-05
