Cext	= 0.001141051799
Qext	= 9.200643352e-05
Cabs	= 0.001141047471
Qabs	= 9.200608455e-05
