Cext	= 2894.394679
Qext	= 0.1443791486
Cabs	= 615.1117383
Qabs	= 0.03068320631
