Cext	= 0.05518743683
Qext	= 0.001078841614
Cabs	= 0.05514077056
Qabs	= 0.00107792935
