Cext	= 0.001062904891
Qext	= 0.0003348254978
Cabs	= 0.001062890619
Qabs	= 0.0003348210022
