Cext	= 2.273511103e-07
Qext	= 2.036889204e-05
Cabs	= 2.2735156e-07
Qabs	= 2.036893233e-05
