Cext	= 6.223668462e-06
Qext	= 4.067720613e-06
Cabs	= 6.223616147e-06
Qabs	= 4.06768642e-06
