Cext	= 6.222200479
Qext	= 0.00122503398
Cabs	= 5.894878874
Qabs	= 0.001160590526
