Cext	= 317192.0305
Qext	= 2.525942433
Cabs	= 15306.12859
Qabs	= 0.1218895684
