Cext	= 57.49795095
Qext	= 0.003758002241
Cabs	= 45.34261089
Qabs	= 0.002963542709
