Cext	= 7.732838851
Qext	= 0.006046672086
Cabs	= 7.011698871
Qabs	= 0.005482778661
