Cext	= 6.384900292e-09
Qext	= 4.771944856e-07
Cabs	= 6.384835994e-09
Qabs	= 4.771896801e-07
