Cext	= 2614996.374
Qext	= 3.328650204
Cabs	= 480850.0761
Qabs	= 0.6120779822
