Cext	= 21.81457074
Qext	= 0.001940639726
Cabs	= 18.40192984
Qabs	= 0.001637048765
