Cext	= 3.911564669e-05
Qext	= 2.548479439e-05
Cabs	= 3.911543636e-05
Qabs	= 2.548465736e-05
