Cext	= 0.009615912772
Qext	= 0.0001879784141
Cabs	= 0.009615532148
Qabs	= 0.0001879709734
