Cext	= 0.02770856911
Qext	= 0.0002464974013
Cabs	= 0.02770365677
Qabs	= 0.0002464537008
