Cext	= 1.315689229e-07
Qext	= 1.697407584e-05
Cabs	= 1.315691833e-07
Qabs	= 1.697410943e-05
