Cext	= 8265802.327
Qext	= 3.251096178
Cabs	= 1842430.898
Qabs	= 0.7246628714
