Cext = 2.0782610838e-06
Qext = 1.4641930522e-06
Cabs = 2.0782432469e-06
Qabs = 1.4641804856e-06
