Cext	= 21.10857844
Qext	= 0.0008345929552
Cabs	= 19.2704797
Qabs	= 0.0007619180349
