Cext	= 769888538.2
Qext	= 8.742429552
Cabs	= 156578019.1
Qabs	= 1.778013613
