Cext	= 0.008422485931
Qext	= 0.0006791303361
Cabs	= 0.008421959129
Qabs	= 0.0006790878585
