Cext	= 0.6319000687
Qext	= 0.0002241468255
Cabs	= 0.6295642375
Qabs	= 0.0002233182623
