Cext	= 0.01341079702
Qext	= 6.710816475e-05
Cabs	= 0.01340982342
Qabs	= 6.710329283e-05
