Cext	= 161.718371
Qext	= 0.005179169263
Cabs	= 87.89105274
Qabs	= 0.0028147862
