Cext	= 4.898021489e-06
Qext	= 3.921583274e-05
Cabs	= 4.897981128e-06
Qabs	= 3.921550959e-05
