Cext	= 8.432757687e-10
Qext	= 3.08821123e-06
Cabs	= 8.432677445e-10
Qabs	= 3.088181844e-06
