Cext	= 0.0001399675591
Qext	= 0.0001254000517
Cabs	= 0.0001399661364
Qabs	= 0.0001253987771
