Cext = 5.5898362664e-05
Qext = 1.2154925832e-05
Cabs = 5.5897800071e-05
Qabs = 1.2154803495e-05
