Cext	= 0.005657276977
Qext	= 5.03275383e-05
Cabs	= 0.005657086622
Qabs	= 5.03258449e-05
