Cext	= 0.02913575781
Qext	= 9.397214624e-05
Cabs	= 0.02913225413
Qabs	= 9.396084578e-05
