Cext	= 0.0005675454794
Qext	= 0.0002773691423
Cabs	= 0.000567548182
Qabs	= 0.0002773704631
