Cext	= 0.6779457103
Qext	= 0.002135595686
Cabs	= 0.6714948378
Qabs	= 0.002115274804
