Cext	= 7758944.467
Qext	= 5.046315407
Cabs	= 164880.6969
Qabs	= 0.1072362361
