Cext	= 3361718.405
Qext	= 1.491164836
Cabs	= 62523.1965
Qabs	= 0.02773355196
