Cext	= 0.001191367761
Qext	= 2.726862489e-05
Cabs	= 0.001191347483
Qabs	= 2.726816076e-05
