Cext	= 42.35671972
Qext	= 0.002423704795
Cabs	= 31.36831868
Qabs	= 0.001794934662
