Cext	= 102.6164266
Qext	= 0.004057257906
Cabs	= 63.48819869
Qabs	= 0.002510202358
