Cext = 1.9743161280e-01
Qext = 8.6935057761e-05
Cabs = 1.9694310649e-01
Qabs = 8.6719953775e-05
