Cext	= 7.673101576e-07
Qext	= 3.055334444e-05
Cabs	= 7.673116723e-07
Qabs	= 3.055340475e-05
