Cext	= 15428174.74
Qext	= 6.061311547
Cabs	= 305674.2329
Qabs	= 0.1200911183
