Cext	= 0.4524119543
Qext	= 0.0001604790194
Cabs	= 0.4507097701
Qabs	= 0.0001598752227
