Cext	= 1.909199422e-05
Qext	= 7.548610593e-06
Cabs	= 1.909189268e-05
Qabs	= 7.548570446e-06
