Cext	= 270.1026659
Qext	= 0.03460107635
Cabs	= 135.4750896
Qabs	= 0.01735482286
