Cext = 2.4653125101e-02
Qext = 4.3422040168e-05
Cabs = 2.4645501166e-02
Qabs = 4.3408611972e-05
