Cext	= 0.004281232466
Qext	= 3.746195409e-05
Cabs	= 0.004281074125
Qabs	= 3.746056856e-05
