Cext	= 2.536816349
Qext	= 0.0008879134537
Cabs	= 2.478595588
Qabs	= 0.0008675355509
