Cext	= 219.0975641
Qext	= 0.006994621983
Cabs	= 121.8401905
Qabs	= 0.003889710406
