Cext = 7.1293708485e-09
Qext = 3.1392757100e-06
Cabs = 7.1294588532e-09
Qabs = 3.1393144611e-06
