Cext	= 5.18691047e-07
Qext	= 1.858827419e-06
Cabs	= 5.186867084e-07
Qabs	= 1.85881187e-06
