Cext = 8.2228363808e-01
Qext = 1.7880303030e-03
Cabs = 8.0566419319e-01
Qabs = 1.7518918351e-03
