Cext	= 0.1458892986
Qext	= 0.001484083417
Cabs	= 0.1456634431
Qabs	= 0.001481785864
