Cext	= 2.276844624e-08
Qext	= 9.264633889e-06
Cabs	= 2.276822958e-08
Qabs	= 9.264545729e-06
