Cext	= 418.0313312
Qext	= 0.03707089162
Cabs	= 143.0469701
Qabs	= 0.01268536191
