Cext	= 152.5003402
Qext	= 0.02233922903
Cabs	= 73.31162779
Qabs	= 0.01073915797
