Cext	= 1812.014943
Qext	= 0.1036857749
Cabs	= 469.512782
Qabs	= 0.02686611212
