Cext	= 3676.472523
Qext	= 0.1463926031
Cabs	= 597.6632837
Qabs	= 0.02379821508
