Cext = 3.0126320664e-02
Qext = 5.8957876092e-04
Cabs = 3.0103537133e-02
Qabs = 5.8913288236e-04
