Cext	= 1.329818489e-06
Qext	= 4.189059072e-05
Cabs	= 1.329812141e-06
Qabs	= 4.189039075e-05
