Cext	= 1.196740521e-05
Qext	= 4.869617658e-05
Cabs	= 1.196746581e-05
Qabs	= 4.869642319e-05
