Cext	= 19481756.45
Qext	= 11.28694284
Cabs	= 526661.3599
Qabs	= 0.3051263206
