Cext	= 46968.75651
Qext	= 0.05984532458
Cabs	= 3094.745638
Qabs	= 0.003943175654
