Cext	= 1282.465367
Qext	= 0.07338428188
Cabs	= 309.2612378
Qabs	= 0.01769631713
