Cext	= 0.09358105451
Qext	= 0.0003700016515
Cabs	= 0.09352625188
Qabs	= 0.0003697849724
