Cext = 1.9718768845e-10
Qext = 8.6827650542e-08
Cabs = 1.9718787613e-10
Qabs = 8.6827733187e-08
