Cext = 4.9073863110e-06
Qext = 5.4021732674e-06
Cabs = 4.9073437473e-06
Qabs = 5.4021264112e-06
