Cext	= 1.974347822e-05
Qext	= 1.727608301e-05
Cabs	= 1.974332321e-05
Qabs	= 1.727594737e-05
