Cext	= 6.214189075e-09
Qext	= 4.975368114e-06
Cabs	= 6.214138294e-09
Qabs	= 4.975327456e-06
