Cext	= 1784315.642
Qext	= 6.318252841
Cabs	= 69525.13397
Qabs	= 0.2461881546
