Cext	= 2.83671338e-08
Qext	= 6.492812347e-06
Cabs	= 2.836728354e-08
Qabs	= 6.49284662e-06
