Cext	= 37.80680324
Qext	= 0.01313907817
Cabs	= 31.04024874
Qabs	= 0.0107874832
