Cext	= 1.196738442e-08
Qext	= 4.869609201e-06
Cabs	= 1.19674476e-08
Qabs	= 4.869634907e-06
