Cext = 1.6562424435e-08
Qext = 8.1032577667e-07
Cabs = 1.6562282988e-08
Qabs = 8.1031885627e-07
