Cext	= 0.002836954941
Qext	= 2.885940109e-05
Cabs	= 0.002836901451
Qabs	= 2.885885695e-05
