Cext	= 688.7641621
Qext	= 0.06170791441
Cabs	= 206.9183033
Qabs	= 0.01853827138
