Cext	= 6200.245615
Qext	= 0.0493753373
Cabs	= 892.2439744
Qabs	= 0.007105339035
