Cext	= 0.02464289279
Qext	= 0.0002185324256
Cabs	= 0.02463834344
Qabs	= 0.0002184920821
