Cext	= 0.04316247951
Qext	= 0.0009879245535
Cabs	= 0.04314233912
Qabs	= 0.00098746357
