Cext	= 6.736380602e-05
Qext	= 0.0001357936499
Cabs	= 6.73639046e-05
Qabs	= 0.0001357938486
