Cext = 7.7239279530e-06
Qext = 8.5026925657e-06
Cabs = 7.7239343822e-06
Qabs = 8.5026996416e-06
