Cext	= 149.3502575
Qext	= 0.005469446171
Cabs	= 93.00572467
Qabs	= 0.003406018933
