Cext	= 0.233908398
Qext	= 0.001493094114
Cabs	= 0.2331454918
Qabs	= 0.001488224298
