Cext	= 0.09152856196
Qext	= 0.0002883239751
Cabs	= 0.0914480976
Qabs	= 0.0002880705045
