Cext	= 3355799.95
Qext	= 6.351704284
Cabs	= 92825.82319
Qabs	= 0.1756964622
