Cext	= 1.109397749e-08
Qext	= 8.674905203e-06
Cabs	= 1.10940771e-08
Qabs	= 8.6749831e-06
