Cext	= 0.2305773759
Qext	= 0.001482329427
Cabs	= 0.2298177081
Qabs	= 0.001477445696
