Cext = 1.9718841248e-04
Qext = 8.6827969356e-06
Cabs = 1.9718811061e-04
Qabs = 8.6827836436e-06
