Cext	= 7.936052991e-07
Qext	= 2.7777053e-06
Cabs	= 7.936011719e-07
Qabs	= 2.777690855e-06
