Cext	= 1486020427
Qext	= 8.609402168
Cabs	= 368343280.1
Qabs	= 2.134032195
