Cext	= 877546.9656
Qext	= 2.768038685
Cabs	= 39880.23551
Qabs	= 0.1257938765
