Cext	= 1.046027532e-05
Qext	= 1.339997085e-05
Cabs	= 1.046018677e-05
Qabs	= 1.339985741e-05
