Cext	= 0.3467306813
Qext	= 0.001984036583
Cabs	= 0.3454681437
Qabs	= 0.001976812184
