Cext	= 5481610.005
Qext	= 1.921177143
Cabs	= 89726.12143
Qabs	= 0.03144692407
