Cext	= 1.48918957e-10
Qext	= 1.363412813e-07
Cabs	= 1.489174573e-10
Qabs	= 1.363399083e-07
