Cext	= 0.06062585438
Qext	= 0.0002220216106
Cabs	= 0.06058252879
Qabs	= 0.0002218629453
