Cext	= 2.330357879e-10
Qext	= 1.879037546e-07
Cabs	= 2.330362858e-10
Qabs	= 1.879041561e-07
