Cext	= 1.025834869e-09
Qext	= 8.213309954e-07
Cabs	= 1.025829516e-09
Qabs	= 8.213267092e-07
