Cext	= 3903798.867
Qext	= 3.450817642
Cabs	= 742665.6234
Qabs	= 0.6564896715
