Cext	= 0.08435353637
Qext	= 0.001235664764
Cabs	= 0.08427751264
Qabs	= 0.001234551119
