Cext = 1.2620018762e-05
Qext = 3.4731078659e-06
Cabs = 1.2620028769e-05
Qabs = 3.4731106200e-06
