Cext = 3.5898386716e-05
Qext = 3.9517839611e-05
Cabs = 3.5898033450e-05
Qabs = 3.9517450727e-05
