Cext	= 19.71031848
Qext	= 0.002542883481
Cabs	= 18.05455262
Qabs	= 0.002329268483
