Cext	= 5266638.836
Qext	= 4.662285501
Cabs	= 1246447.791
Qabs	= 1.103416361
