Cext	= 0.004149757186
Qext	= 3.717859833e-05
Cabs	= 0.004149606892
Qabs	= 3.717725182e-05
