Cext	= 2.664334291e-07
Qext	= 1.741379314e-05
Cabs	= 2.664312507e-07
Qabs	= 1.741365076e-05
