Cext	= 0.0001822215449
Qext	= 0.0001615935132
Cabs	= 0.0001822203316
Qabs	= 0.0001615924372
