Cext	= 6.122518173e-07
Qext	= 1.960788855e-05
Cabs	= 6.122468133e-07
Qabs	= 1.960772829e-05
