Cext	= 6.736328573e-08
Qext	= 1.357926011e-05
Cabs	= 6.736341907e-08
Qabs	= 1.357928698e-05
