Cext	= 1.66227221e-07
Qext	= 2.094528401e-05
Cabs	= 1.662264292e-07
Qabs	= 2.094518425e-05
