Cext = 6.1791397978e-08
Qext = 1.7005378077e-06
Cabs = 6.1791456775e-08
Qabs = 1.7005394258e-06
