Cext	= 0.1331762423
Qext	= 0.001678073063
Cabs	= 0.1330323837
Qabs	= 0.001676260388
