Cext	= 10.08176971
Qext	= 0.0005768915476
Cabs	= 9.555496973
Qabs	= 0.0005467775593
