Cext	= 9806217.304
Qext	= 4.640189627
Cabs	= 1524532.536
Qabs	= 0.7213913214
