Cext	= 1.86148697e-08
Qext	= 6.817064095e-07
Cabs	= 1.861468224e-08
Qabs	= 6.816995444e-07
