Cext = 5.6090960674e-07
Qext = 9.8794125948e-06
Cabs = 5.6090490278e-07
Qabs = 9.8793297477e-06
