Cext	= 4.284523071e-08
Qext	= 2.143992484e-06
Cabs	= 4.284487263e-08
Qabs	= 2.143974565e-06
