Cext	= 11.02701479
Qext	= 0.0007038811354
Cabs	= 10.56837541
Qabs	= 0.00067460507
