Cext	= 13554665.05
Qext	= 6.413912137
Cabs	= 737424.301
Qabs	= 0.3489407267
