Cext	= 2.076816613e-06
Qext	= 7.366858686e-06
Cabs	= 2.076798331e-06
Qabs	= 7.366793836e-06
