Cext	= 5.186910101e-10
Qext	= 1.858827286e-07
Cabs	= 5.186866733e-10
Qabs	= 1.858811745e-07
