Cext	= 3222.202976
Qext	= 0.1574745475
Cabs	= 543.805009
Qabs	= 0.02657667701
