Cext	= 0.07670945473
Qext	= 0.0009826743808
Cabs	= 0.07661701782
Qabs	= 0.0009814902323
