Cext	= 0.1587827347
Qext	= 0.000125045309
Cabs	= 0.1586093103
Qabs	= 0.000124908733
