Cext	= 4.898012373e-09
Qext	= 3.921575976e-06
Cabs	= 4.897972388e-09
Qabs	= 3.921543961e-06
