Cext	= 492.0951618
Qext	= 0.05005920765
Cabs	= 193.9602609
Qabs	= 0.01973093363
