Cext	= 0.08527025219
Qext	= 0.001678810523
Cabs	= 0.08520437464
Qabs	= 0.001677513518
