Cext	= 1.31683825e-06
Qext	= 4.24722492e-05
Cabs	= 1.316840819e-06
Qabs	= 4.247233205e-05
