Cext	= 3.068205342e-11
Qext	= 9.596698938e-08
Cabs	= 3.068234971e-11
Qabs	= 9.596791608e-08
