Cext	= 0.001151362716
Qext	= 9.067264581e-05
Cabs	= 0.001151349439
Qabs	= 9.06716002e-05
