Cext	= 1522.64744
Qext	= 0.09719428413
Cabs	= 451.0456468
Qabs	= 0.02879133908
