Cext	= 1.805260202e-05
Qext	= 6.318608051e-05
Cabs	= 1.805246219e-05
Qabs	= 6.318559109e-05
