Cext	= 720329.0069
Qext	= 0.3586895777
Cabs	= 16295.52027
Qabs	= 0.008114393877
