Cext	= 9.577524282
Qext	= 0.007643987527
Cabs	= 8.715803487
Qabs	= 0.006956233279
