Cext	= 561.3192727
Qext	= 0.004249757533
Cabs	= 276.8996379
Qabs	= 0.002096411756
