Cext	= 133.5383706
Qext	= 0.02664481992
Cabs	= 76.41943491
Qabs	= 0.01524791768
