Cext = 1.5775311229e-03
Qext = 1.7365856122e-05
Cabs = 1.5775012935e-03
Qabs = 1.7365527754e-05
