Cext	= 2361.01798
Qext	= 0.1554089557
Cabs	= 576.3496625
Qabs	= 0.03793698306
