Cext	= 7948347.61
Qext	= 3.952154873
Cabs	= 1450561.542
Qabs	= 0.7212623489
