Cext	= 0.0003474436134
Qext	= 0.0001698016116
Cabs	= 0.0003474395155
Qabs	= 0.0001697996089
