Cext	= 9471288.952
Qext	= 7.967476213
Cabs	= 409118.0215
Qabs	= 0.344159926
