Cext	= 0.7336165617
Qext	= 0.0006716554029
Cabs	= 0.7297827918
Qabs	= 0.0006681454327
