Cext	= 0.1336284817
Qext	= 0.000106651199
Cabs	= 0.1334782472
Qabs	= 0.0001065312942
