Cext	= 5.938249463e-06
Qext	= 1.160849462e-05
Cabs	= 5.938207236e-06
Qabs	= 1.160841207e-05
