Cext	= 114443.1192
Qext	= 0.8122205827
Cabs	= 6982.014352
Qabs	= 0.04955243971
