Cext	= 5.849913066e-06
Qext	= 1.151737606e-05
Cabs	= 5.849867914e-06
Qabs	= 1.151728716e-05
