Cext = 1.5371724162e-04
Qext = 7.5207010735e-05
Cabs = 1.5371489992e-04
Qabs = 7.5205865005e-05
