Cext	= 112.086697
Qext	= 0.004328191836
Cabs	= 69.70561572
Qabs	= 0.002691659982
