Cext	= 1.31335673e-11
Qext	= 4.809723171e-08
Cabs	= 1.313363793e-11
Qabs	= 4.809749036e-08
