Cext	= 0.06648680332
Qext	= 0.0003005991931
Cabs	= 0.06645429848
Qabs	= 0.0003004522327
