Cext	= 9.709830751e-05
Qext	= 0.0001243862566
Cabs	= 9.709735388e-05
Qabs	= 0.000124385035
