Cext	= 3.904429054
Qext	= 0.0004884892108
Cabs	= 3.84354252
Qabs	= 0.0004808716015
