Cext	= 1.052394922e-05
Qext	= 6.717692383e-06
Cabs	= 1.052405039e-05
Qabs	= 6.71775696e-06
