Cext	= 6.2886834e-07
Qext	= 2.230714144e-06
Cabs	= 6.288651328e-07
Qabs	= 2.230702767e-06
