Cext	= 553.6994528
Qext	= 0.00392969097
Cabs	= 258.7970787
Qabs	= 0.001836723042
