Cext	= 110114.7535
Qext	= 0.08683349996
Cabs	= 5115.157203
Qabs	= 0.004033673858
