Cext = 1.2150991630e-01
Qext = 5.9449398647e-04
Cabs = 1.2090713624e-01
Qabs = 5.9154485186e-04
