Cext	= 3.556417164
Qext	= 0.0012655256
Cabs	= 3.481752988
Qabs	= 0.001238956887
