Cext	= 0.0057212362
Qext	= 3.727524419e-05
Cabs	= 0.005720911999
Qabs	= 3.727313194e-05
