Cext	= 6.748803482e-06
Qext	= 5.386336606e-05
Cabs	= 6.748771223e-06
Qabs	= 5.38631086e-05
