Cext	= 0.2402204887
Qext	= 0.002087108343
Cabs	= 0.2397894884
Qabs	= 0.002083363682
