Cext	= 0.000680901637
Qext	= 0.0003351417416
Cabs	= 0.0006808942068
Qabs	= 0.0003351380845
