Cext	= 484330.6499
Qext	= 3.856942239
Cabs	= 20853.70812
Qabs	= 0.1660674329
