Cext	= 1.00817256e-08
Qext	= 6.481311737e-07
Cabs	= 1.00816732e-08
Qabs	= 6.481278054e-07
