Cext	= 1.340891474e-05
Qext	= 6.709874576e-06
Cabs	= 1.340884381e-05
Qabs	= 6.709839081e-06
