Cext	= 11747.27176
Qext	= 0.3700506178
Cabs	= 1638.027059
Qabs	= 0.05159946393
