Cext	= 0.0004067714124
Qext	= 0.0002658612792
Cabs	= 0.0004067677828
Qabs	= 0.000265858907
