Cext	= 0.000209515311
Qext	= 1.677476796e-05
Cabs	= 0.0002095139963
Qabs	= 1.677466269e-05
