Cext	= 109.5034963
Qext	= 0.005351622371
Cabs	= 79.19904762
Qabs	= 0.00387059235
