Cext	= 2845464.39
Qext	= 5.664927358
Cabs	= 206724.8281
Qabs	= 0.411560636
