Cext	= 4856.682834
Qext	= 0.244755577
Cabs	= 910.5010254
Qabs	= 0.04588527013
