Cext	= 12579621.93
Qext	= 7.774736859
Cabs	= 503712.9633
Qabs	= 0.3113158538
