Cext	= 8.420410253e-09
Qext	= 6.78962968e-06
Cabs	= 8.420426924e-09
Qabs	= 6.789643122e-06
