Cext	= 3.201883472e-05
Qext	= 0.0001139367323
Cabs	= 3.201867121e-05
Qabs	= 0.0001139361504
