Cext	= 5.152901197e-05
Qext	= 3.289221982e-05
Cabs	= 5.15294959e-05
Qabs	= 3.289252872e-05
