Cext	= 8.859873747e-05
Qext	= 2.857592917e-05
Cabs	= 8.859792344e-05
Qabs	= 2.857566662e-05
