Cext	= 681180.1236
Qext	= 0.3223266266
Cabs	= 14965.58334
Qabs	= 0.007081542499
