Cext	= 3.423294993e-07
Qext	= 1.684955629e-05
Cabs	= 3.423269349e-07
Qabs	= 1.684943007e-05
