Cext	= 0.01975058163
Qext	= 0.0001728229869
Cabs	= 0.01974670919
Qabs	= 0.0001727891019
