Cext	= 15982258.79
Qext	= 9.795364924
Cabs	= 394204.0094
Qabs	= 0.2416036543
