Cext	= 1254588.85
Qext	= 0.469062371
Cabs	= 22105.67493
Qabs	= 0.008264811455
