Cext	= 309966.7401
Qext	= 0.6173947629
Cabs	= 10184.60204
Qabs	= 0.02028578924
