Cext	= 0.03558462684
Qext	= 0.001275242371
Cabs	= 0.03557390002
Qabs	= 0.001274857955
