Cext	= 2.095141242e-10
Qext	= 1.677467294e-07
Cabs	= 2.0951303e-10
Qabs	= 1.677458533e-07
