Cext	= 4.852297711e-07
Qext	= 2.428109185e-05
Cabs	= 4.852274263e-07
Qabs	= 2.428097451e-05
