Cext	= 1.287590658e-06
Qext	= 2.517069941e-06
Cabs	= 1.28758156e-06
Qabs	= 2.517052155e-06
