Cext	= 175.9012062
Qext	= 0.005501818589
Cabs	= 96.26674274
Qabs	= 0.003011020596
