Cext	= 1.877874658e-08
Qext	= 2.349438283e-06
Cabs	= 1.877892789e-08
Qabs	= 2.349460967e-06
