Cext	= 6.756475578e-08
Qext	= 1.34811496e-05
Cabs	= 6.756444079e-08
Qabs	= 1.348108675e-05
