Cext = 8.7980340810e-08
Qext = 1.9131052616e-06
Cabs = 8.7980424502e-08
Qabs = 1.9131070813e-06
