Cext	= 11.7385627
Qext	= 0.009465155651
Cabs	= 10.78664434
Qabs	= 0.008697595292
