Cext	= 1529250.033
Qext	= 5.145767731
Cabs	= 47555.40225
Qabs	= 0.1600189956
