Cext	= 7.404659773
Qext	= 0.005909786838
Cabs	= 6.912033852
Qabs	= 0.005516613584
