Cext	= 11747512.38
Qext	= 9.263768778
Cabs	= 329258.4378
Qabs	= 0.2596442495
