Cext	= 0.02143129598
Qext	= 8.334653191e-05
Cabs	= 0.02142914039
Qabs	= 8.333814879e-05
