Cext	= 4.666508893e-05
Qext	= 2.670235102e-05
Cabs	= 4.66646032e-05
Qabs	= 2.670207308e-05
