Cext	= 2.618926582e-08
Qext	= 8.387336563e-07
Cabs	= 2.618912904e-08
Qabs	= 8.387292759e-07
