Cext	= 4.845655993e-10
Qext	= 4.436392522e-07
Cabs	= 4.845682049e-10
Qabs	= 4.436416377e-07
