Cext	= 1942657.167
Qext	= 3.446834871
Cabs	= 58138.65953
Qabs	= 0.103154773
