Cext	= 0.01216074853
Qext	= 4.792939955e-05
Cabs	= 0.01215940417
Qabs	= 4.792410099e-05
