Cext	= 4.342928207e-08
Qext	= 8.489851936e-06
Cabs	= 4.342898191e-08
Qabs	= 8.489793259e-06
