Cext	= 99.15118908
Qext	= 0.0199871454
Cabs	= 56.6352188
Qabs	= 0.01141666946
