Cext	= 0.0008610029273
Qext	= 0.000269303549
Cabs	= 0.0008609856706
Qabs	= 0.0002692981515
