Cext	= 1.229489961e-06
Qext	= 2.478436702e-06
Cabs	= 1.229479671e-06
Qabs	= 2.478415959e-06
