Cext = 1.2621346750e-02
Qext = 3.4734733366e-05
Cabs = 1.2619353813e-02
Qabs = 3.4729248680e-05
