Cext	= 7.071102448e-07
Qext	= 2.51620121e-06
Cabs	= 7.071065494e-07
Qabs	= 2.51618806e-06
