Cext	= 9.83592384e-06
Qext	= 4.956875498e-06
Cabs	= 9.835840952e-06
Qabs	= 4.956833726e-06
