Cext	= 4065.175909
Qext	= 0.01356486186
Cabs	= 940.5781855
Qabs	= 0.003138563605
