Cext	= 0.0009477755146
Qext	= 0.0003035332216
Cabs	= 0.0009477627267
Qabs	= 0.0003035291262
