Cext	= 6.786355294e-06
Qext	= 5.344421711e-05
Cabs	= 6.786303723e-06
Qabs	= 5.344381098e-05
