Cext	= 18853.81227
Qext	= 0.6038094771
Cabs	= 2157.303156
Qabs	= 0.06908948025
