Cext	= 0.003462462784
Qext	= 0.0001232092606
Cabs	= 0.003462370229
Qabs	= 0.0001232059671
