Cext	= 1.316837452e-09
Qext	= 4.247222345e-06
Cabs	= 1.316840036e-09
Qabs	= 4.247230679e-06
