Cext	= 62.39359016
Qext	= 0.01428095892
Cabs	= 44.34134488
Qabs	= 0.01014907017
