Cext	= 8.357652351e-08
Qext	= 1.053097087e-05
Cabs	= 8.357589776e-08
Qabs	= 1.053089202e-05
