Cext	= 4093.403281
Qext	= 0.01449472072
Cabs	= 983.4111287
Qabs	= 0.00348225393
