Cext	= 2.219770949e-05
Qext	= 7.954968815e-05
Cabs	= 2.219752003e-05
Qabs	= 7.954900919e-05
