Cext	= 673.8185024
Qext	= 0.05035982693
Cabs	= 246.4368795
Qabs	= 0.01841819207
