Cext	= 476.1334811
Qext	= 0.04166298082
Cabs	= 166.5687191
Qabs	= 0.01457521814
