Cext	= 1928938.2
Qext	= 1.622669238
Cabs	= 37856.47885
Qabs	= 0.0318457811
