Cext	= 2.87914634e-07
Qext	= 1.647483761e-05
Cabs	= 2.87916154e-07
Qabs	= 1.647492458e-05
