Cext	= 0.05155431475
Qext	= 0.000329083712
Cabs	= 0.05154121319
Qabs	= 0.0003290000816
