Cext	= 7.653239584e-05
Qext	= 9.804061958e-05
Cabs	= 7.653167933e-05
Qabs	= 9.803970171e-05
