Cext = 1.7081317950e+03
Qext = 6.1399317232e-02
Cabs = 2.2143038760e+02
Qabs = 7.9593826751e-03
