Cext	= 31758.93057
Qext	= 0.4007076628
Cabs	= 2842.269556
Qabs	= 0.03586138357
