Cext	= 0.01820181511
Qext	= 0.0007406440972
Cabs	= 0.01819812851
Qabs	= 0.0007404940869
