Cext	= 0.0002280381635
Qext	= 0.0002022235515
Cabs	= 0.0002280364804
Qabs	= 0.000202222059
