Cext	= 4.157562807
Qext	= 0.001444886582
Cabs	= 4.073331134
Qabs	= 0.001415613371
