Cext	= 5.429071758e-08
Qext	= 1.068881886e-05
Cabs	= 5.429031071e-08
Qabs	= 1.068873875e-05
