Cext	= 1188989.804
Qext	= 1.515192957
Cabs	= 27635.50756
Qabs	= 0.03521739739
