Cext	= 0.002076965609
Qext	= 7.367387203e-05
Cabs	= 0.00207689706
Qabs	= 7.367144047e-05
