Cext	= 4.099409703e-07
Qext	= 1.853419306e-05
Cabs	= 4.099431334e-07
Qabs	= 1.853429086e-05
