Cext	= 1473.057099
Qext	= 0.09627737665
Cabs	= 418.4519928
Qabs	= 0.02734955769
