Cext	= 6.096786396
Qext	= 0.001395463154
Cabs	= 5.853625613
Qabs	= 0.00133980729
