Cext	= 0.01197179283
Qext	= 0.0004871403011
Cabs	= 0.01196928554
Qabs	= 0.0004870382779
