Cext = 3.8472555333e-01
Qext = 1.3829077097e-03
Cabs = 3.8102003892e-01
Qabs = 1.3695881265e-03
