Cext	= 999893.4443
Qext	= 0.788488777
Cabs	= 25856.97362
Qabs	= 0.02039010619
