Cext	= 2.912950423e-05
Qext	= 9.395197647e-06
Cabs	= 2.91295629e-05
Qabs	= 9.395216567e-06
