Cext	= 7.291407267e-10
Qext	= 6.675575963e-07
Cabs	= 7.291333827e-10
Qabs	= 6.675508725e-07
