Cext = 1.9214355194e-08
Qext = 3.7602918246e-06
Cabs = 1.9214194342e-08
Qabs = 3.7602603467e-06
