Cext	= 103.2696357
Qext	= 0.005204338047
Cabs	= 75.38982141
Qabs	= 0.003799317326
