Cext = 8.4550573600e-03
Qext = 3.0391961007e-05
Cabs = 8.4541655587e-03
Qabs = 3.0388755397e-05
