Cext	= 0.0201227268
Qext	= 6.293964366e-05
Cabs	= 0.02011988023
Qabs	= 6.293074019e-05
