Cext	= 4.971351619e-08
Qext	= 9.950736946e-06
Cabs	= 4.97131099e-08
Qabs	= 9.950655623e-06
