Cext	= 0.0002047107591
Qext	= 0.0001821121471
Cabs	= 0.0002047093877
Qabs	= 0.0001821109271
