Cext	= 1.832311931e-07
Qext	= 1.603323015e-05
Cabs	= 1.832298196e-07
Qabs	= 1.603310996e-05
