Cext	= 12.37732352
Qext	= 0.001813109823
Cabs	= 11.45494948
Qabs	= 0.001677994551
