Cext	= 102.5723103
Qext	= 0.003756362656
Cabs	= 61.62257211
Qabs	= 0.002256717509
