Cext	= 0.7146595572
Qext	= 0.0005762514646
Cabs	= 0.7099526014
Qabs	= 0.0005724561047
