Cext	= 3840448.146
Qext	= 7.26902417
Cabs	= 116341.4623
Qabs	= 0.2202057856
