Cext = 3.0105438602e-05
Qext = 5.8917009438e-05
Cabs = 3.0105784100e-05
Qabs = 5.8917685572e-05
