Cext	= 0.0003546085057
Qext	= 1.442925857e-05
Cabs	= 0.0003546093385
Qabs	= 1.442929245e-05
