Cext	= 0.6220435089
Qext	= 0.002451672428
Cabs	= 0.6179800006
Qabs	= 0.002435656842
