Cext	= 1.357024554e-05
Qext	= 6.135360185e-06
Cabs	= 1.357010781e-05
Qabs	= 6.135297914e-06
