Cext = 3.3319919665e+02
Qext = 2.3474815194e-02
Cabs = 8.4714902041e+01
Qabs = 5.9684017543e-03
