Cext	= 1.491430027e-05
Qext	= 7.516155143e-06
Cabs	= 1.491433119e-05
Qabs	= 7.516170729e-06
