Cext	= 50.08017685
Qext	= 0.01752860935
Cabs	= 38.20155079
Qabs	= 0.01337096038
