Cext = 1.9605019684e+01
Qext = 9.5918643197e-04
Cabs = 1.3600371712e+01
Qabs = 6.6540570881e-04
