Cext	= 4572449.387
Qext	= 4.047755152
Cabs	= 119102.9095
Qabs	= 0.105435703
