Cext	= 5194.527914
Qext	= 0.2599362547
Cabs	= 915.6433799
Qabs	= 0.045819161
