Cext	= 6.565372204e-05
Qext	= 3.285338514e-05
Cabs	= 6.565335264e-05
Qabs	= 3.285320029e-05
