Cext	= 6391.313781
Qext	= 0.05092112341
Cabs	= 946.6702237
Qabs	= 0.007542347778
