Cext	= 9251079.873
Qext	= 3.634498454
Cabs	= 1901611.123
Qabs	= 0.7470914512
