Cext	= 0.0005441945033
Qext	= 0.0002678540977
Cabs	= 0.0005441894855
Qabs	= 0.000267851628
