Cext	= 3877.004983
Qext	= 0.1528051669
Cabs	= 577.0346768
Qabs	= 0.02274278225
