Cext	= 6.802229827e-05
Qext	= 0.0001339230824
Cabs	= 6.802193371e-05
Qabs	= 0.0001339223647
