Cext	= 989.9153746
Qext	= 0.07398426543
Cabs	= 311.610158
Qabs	= 0.0232891106
