Cext	= 5.3990845e-05
Qext	= 0.0001077275645
Cabs	= 5.399055962e-05
Qabs	= 0.000107726995
