Cext	= 2850.751624
Qext	= 0.008992100805
Cabs	= 600.6667329
Qabs	= 0.001894677799
