Cext	= 0.6210876983
Qext	= 0.0004957008178
Cabs	= 0.6166609314
Qabs	= 0.0004921677387
