Cext	= 5.355653708e-09
Qext	= 1.071996216e-06
Cabs	= 5.35560895e-09
Qabs	= 1.071987257e-06
