Cext	= 6.291966294e-09
Qext	= 5.637112656e-07
Cabs	= 6.291979734e-09
Qabs	= 5.637124698e-07
