Cext	= 1.819502469e-08
Qext	= 7.403677904e-06
Cabs	= 1.819485052e-08
Qabs	= 7.403607031e-06
