Cext	= 6.15352896e-07
Qext	= 4.91123773e-06
Cabs	= 6.153474895e-07
Qabs	= 4.91119458e-06
