Cext	= 5.993355477e-07
Qext	= 2.386480257e-05
Cabs	= 5.993306306e-07
Qabs	= 2.386460678e-05
