Cext = 9.0891406674e+00
Qext = 2.5013881943e-04
Cabs = 7.7993031198e+00
Qabs = 2.1464168578e-04
