Cext = 1.0735803163e+00
Qext = 1.1818239932e-04
Cabs = 1.0517067246e+00
Qabs = 1.1577449979e-04
