Cext	= 95.4837283
Qext	= 0.00477804396
Cabs	= 68.30947041
Qabs	= 0.003418233224
