Cext	= 7.298528433e-06
Qext	= 1.456270396e-05
Cabs	= 7.29849088e-06
Qabs	= 1.456262903e-05
