Cext = 4.5910743076e-01
Qext = 1.2634922817e-03
Cabs = 4.5437477511e-01
Qabs = 1.2504677178e-03
