Cext = 1.3449776415e+01
Qext = 3.7014623456e-04
Cabs = 1.1618873753e+01
Qabs = 3.1975865164e-04
