Cext	= 2.869679014e-05
Qext	= 0.0001004419025
Cabs	= 2.869664549e-05
Qabs	= 0.0001004413962
