Cext	= 2988823
Qext	= 5.953166674
Cabs	= 392385.8503
Qabs	= 0.7815579469
