Cext = 4.5065487502e-01
Qext = 8.8194156165e-05
Cabs = 4.4672968322e-01
Qabs = 8.7425987370e-05
