Cext	= 6.553706209
Qext	= 0.0005734672038
Cabs	= 6.3739803
Qabs	= 0.0005577406957
