Cext	= 9.635974237
Qext	= 0.001942443857
Cabs	= 9.202309949
Qabs	= 0.001855024722
