Cext	= 8562712.586
Qext	= 4.051777448
Cabs	= 1658199.565
Qabs	= 0.7846410277
