Cext	= 0.002259571437
Qext	= 8.040523276e-05
Cabs	= 0.002259499527
Qabs	= 8.040267391e-05
