Cext	= 0.4355888077
Qext	= 0.002172818436
Cabs	= 0.4335845893
Qabs	= 0.002162820928
