Cext	= 1.308328216e-05
Qext	= 1.330918874e-05
Cabs	= 1.308335048e-05
Qabs	= 1.330925823e-05
