Cext	= 0.0003250758357
Qext	= 0.0002124659573
Cabs	= 0.0003250733003
Qabs	= 0.0002124643002
