Cext	= 5.432022433e-10
Qext	= 1.887802227e-07
Cabs	= 5.431984097e-10
Qabs	= 1.887788904e-07
