Cext = 4.1246761616e-01
Qext = 8.9689805633e-04
Cabs = 4.0566777484e-01
Qabs = 8.8211201230e-04
