Cext	= 2.939282204e-05
Qext	= 9.259028123e-06
Cabs	= 2.939266544e-05
Qabs	= 9.258978792e-06
