Cext	= 7.312385308e-10
Qext	= 5.758683286e-07
Cabs	= 7.312329276e-10
Qabs	= 5.758639159e-07
