Cext	= 11630103.08
Qext	= 9.701962793
Cabs	= 312638.2718
Qabs	= 0.2608063626
