Cext = 1.9249300011e-07
Qext = 9.4178265020e-06
Cabs = 1.9249537541e-07
Qabs = 9.4179427177e-06
