Cext	= 2.460849955e-09
Qext	= 1.001336396e-06
Cabs	= 2.460825169e-09
Qabs	= 1.00132631e-06
