Cext	= 1.185874471e-09
Qext	= 3.797864507e-06
Cabs	= 1.185868802e-09
Qabs	= 3.79784635e-06
