Cext	= 5595.796415
Qext	= 0.2754267069
Cabs	= 992.7226187
Qabs	= 0.04886209246
