Cext	= 6.742210344e-07
Qext	= 3.397779182e-05
Cabs	= 6.742223534e-07
Qabs	= 3.397785829e-05
