Cext	= 268.7680285
Qext	= 0.008466457325
Cabs	= 152.5861597
Qabs	= 0.004806614152
