Cext	= 164.8363978
Qext	= 0.006563582131
Cabs	= 108.2314919
Qabs	= 0.004309644565
