Cext	= 0.0657066018
Qext	= 0.0003287984638
Cabs	= 0.06567946848
Qabs	= 0.0003286626876
