Cext	= 0.186628131
Qext	= 0.0001489511343
Cabs	= 0.1864224477
Qabs	= 0.0001487869749
