Cext	= 340395.7996
Qext	= 0.2210676472
Cabs	= 9501.497949
Qabs	= 0.006170680716
