Cext	= 1.502299709e-10
Qext	= 4.698876514e-07
Cabs	= 1.502314214e-10
Qabs	= 4.698921882e-07
