Cext	= 8.482923887e-10
Qext	= 2.672204483e-06
Cabs	= 8.482860322e-10
Qabs	= 2.672184459e-06
