Cext	= 0.005429824022
Qext	= 0.000424583597
Cabs	= 0.005429372263
Qabs	= 0.0004245482718
