Cext = 8.1284535469e+00
Qext = 8.9480044305e-04
Cabs = 7.2646163841e+00
Qabs = 7.9970709371e-04
