Cext	= 1.215905986e-07
Qext	= 1.078261739e-05
Cabs	= 1.215895557e-07
Qabs	= 1.078252491e-05
