Cext	= 20359816.16
Qext	= 6.479043994
Cabs	= 368816.7031
Qabs	= 0.1173674471
