Cext	= 0.8157388389
Qext	= 0.003149949348
Cabs	= 0.8108119977
Qabs	= 0.003130924509
