Cext	= 9.123152755e-07
Qext	= 7.281345765e-06
Cabs	= 9.123106239e-07
Qabs	= 7.281308639e-06
