Cext = 7.7239210694e-09
Qext = 8.5026849891e-07
Cabs = 7.7239284256e-09
Qabs = 8.5026930854e-07
