Cext	= 9.486995983e-09
Qext	= 7.595729184e-06
Cabs	= 9.486950627e-09
Qabs	= 7.59569287e-06
