Cext	= 4.9126574e-07
Qext	= 2.221103703e-05
Cabs	= 4.912610348e-07
Qabs	= 2.22108243e-05
