Cext	= 2.514825203e-09
Qext	= 3.146337049e-07
Cabs	= 2.514807455e-09
Qabs	= 3.146314844e-07
