Cext = 8.1287924684e-04
Qext = 1.7675807463e-04
Cabs = 8.1287230989e-04
Qabs = 1.7675656613e-04
