Cext	= 6.057085869e-05
Qext	= 2.218202076e-05
Cabs	= 6.057114072e-05
Qabs	= 2.218212404e-05
