Cext	= 3981.21973
Qext	= 0.1574098393
Cabs	= 609.2652766
Qabs	= 0.02408918768
