Cext	= 21.53558227
Qext	= 0.007663282853
Cabs	= 17.20178686
Qabs	= 0.006121132769
