Cext	= 7.122632176
Qext	= 0.0004075659746
Cabs	= 6.739289611
Qabs	= 0.0003856306307
