Cext = 1.1160026262e-01
Qext = 7.8625505920e-04
Cabs = 1.1131752897e-01
Qabs = 7.8426312149e-04
