Cext	= 12210712.91
Qext	= 3.667073056
Cabs	= 151444.802
Qabs	= 0.04548130456
