Cext	= 1.822172821e-07
Qext	= 1.615897329e-05
Cabs	= 1.822164239e-07
Qabs	= 1.615889719e-05
