Cext = 1.2068629309e-07
Qext = 2.1256717122e-06
Cabs = 1.2068640781e-07
Qabs = 2.1256737325e-06
