Cext	= 32.36664317
Qext	= 0.01132867893
Cabs	= 24.07554345
Qabs	= 0.00842670339
