Cext	= 0.009837046238
Qext	= 4.957441138e-05
Cabs	= 0.009836314488
Qabs	= 4.957072368e-05
