Cext	= 2.100023238e-07
Qext	= 1.372551874e-05
Cabs	= 2.100006087e-07
Qabs	= 1.372540665e-05
