Cext	= 0.06770399117
Qext	= 0.0002614367892
Cabs	= 0.06766090909
Qabs	= 0.0002612704291
