Cext	= 363.0037998
Qext	= 0.002892137974
Cabs	= 180.3602111
Qabs	= 0.00143697288
