Cext	= 0.003876821576
Qext	= 8.873464331e-05
Cabs	= 0.003876663528
Qabs	= 8.873102584e-05
