Cext = 2.1137934654e+00
Qext = 1.4892266087e-04
Cabs = 2.0313808331e+00
Qabs = 1.4311646047e-04
