Cext	= 2.326858973e-06
Qext	= 3.408532429e-06
Cabs	= 2.326835509e-06
Qabs	= 3.408498058e-06
