Cext	= 1.913726419e-05
Qext	= 1.714550096e-05
Cabs	= 1.913710079e-05
Qabs	= 1.714535458e-05
