Cext	= 0.000380208199
Qext	= 0.0002426961275
Cabs	= 0.0003802105476
Qabs	= 0.0002426976267
