Cext	= 0.3008898525
Qext	= 0.002614222146
Cabs	= 0.3001371273
Qabs	= 0.002607682242
