Cext	= 3.31769941e-07
Qext	= 1.671975422e-05
Cabs	= 3.317672229e-07
Qabs	= 1.671961724e-05
