Cext = 2.6193298664e+03
Qext = 5.6956516694e-02
Cabs = 2.1967304126e+02
Qabs = 4.7767222451e-03
