Cext	= 62.2549844
Qext	= 0.01242169454
Cabs	= 38.81704061
Qabs	= 0.007745137615
