Cext	= 2.939278617e-08
Qext	= 9.259016821e-07
Cabs	= 2.939263341e-08
Qabs	= 9.2589687e-07
