Cext	= 0.3628287866
Qext	= 0.002388242837
Cabs	= 0.3618300646
Qabs	= 0.002381668963
