Cext	= 636386.2274
Qext	= 0.7226450953
Cabs	= 23936.37069
Qabs	= 0.02718082217
