Cext	= 2.392154041e-09
Qext	= 8.572736212e-07
Cabs	= 2.392134045e-09
Qabs	= 8.572664553e-07
