Cext	= 2519023.445
Qext	= 4.469475107
Cabs	= 73921.53669
Qabs	= 0.1311581553
