Cext	= 6.738899309e-07
Qext	= 2.467893102e-05
Cabs	= 6.738834753e-07
Qabs	= 2.467869461e-05
