Cext = 6.1813608100e-01
Qext = 2.7218384697e-04
Cabs = 6.0798270057e-01
Qabs = 2.6771300933e-04
