Cext	= 321.5776056
Qext	= 0.002558367225
Cabs	= 155.6267191
Qabs	= 0.001238115747
