Cext	= 16896007.13
Qext	= 10.35539205
Cabs	= 709628.9788
Qabs	= 0.4349244309
