Cext	= 7.988961353e-06
Qext	= 5.205002466e-06
Cabs	= 7.988920263e-06
Qabs	= 5.204975694e-06
