Cext	= 0.01400683595
Qext	= 5.577349382e-05
Cabs	= 0.01400540211
Qabs	= 5.576778445e-05
