Cext	= 1.635409208e-06
Qext	= 6.654590045e-06
Cabs	= 1.63541797e-06
Qabs	= 6.654625699e-06
