Cext	= 1.426277376e-07
Qext	= 4.600201138e-06
Cabs	= 1.426280423e-07
Qabs	= 4.600210963e-06
