Cext	= 702.209639
Qext	= 0.06101009969
Cabs	= 273.1688778
Qabs	= 0.02373373924
