Cext	= 7.691800617e-05
Qext	= 3.759113969e-05
Cabs	= 7.691871852e-05
Qabs	= 3.759148783e-05
