Cext	= 0.03109787992
Qext	= 0.000272114948
Cabs	= 0.03109239778
Qabs	= 0.0002720669778
