Cext	= 95405.32177
Qext	= 0.3210290112
Cabs	= 6041.547907
Qabs	= 0.02032918201
