Cext = 4.4872811048e-06
Qext = 1.9758843907e-05
Cabs = 4.4872427472e-06
Qabs = 1.9758675012e-05
