Cext	= 139.1696209
Qext	= 0.005485119891
Cabs	= 87.72575494
Qabs	= 0.003457552592
