Cext = 1.9227025161e-02
Qext = 3.7627713628e-04
Cabs = 1.9210393685e-02
Qabs = 3.7595165489e-04
