Cext	= 0.02838931038
Qext	= 0.0006497888235
Cabs	= 0.02837502344
Qabs	= 0.0006494618167
