Cext	= 3068.708975
Qext	= 0.1535594247
Cabs	= 669.4269826
Qabs	= 0.033498394
