Cext	= 4.503165526e-07
Qext	= 1.59735741e-06
Cabs	= 4.503125966e-07
Qabs	= 1.597343378e-06
