Cext	= 7.071101697e-10
Qext	= 2.516200942e-07
Cabs	= 7.071064768e-10
Qabs	= 2.516187801e-07
