Cext = 1.2081943634e-01
Qext = 2.1280167905e-04
Cabs = 1.2059311388e-01
Qabs = 2.1240305283e-04
