Cext	= 5.429125472e-05
Qext	= 0.0001068892461
Cabs	= 5.429080187e-05
Qabs	= 0.0001068883545
