Cext	= 0.006724922959
Qext	= 3.848085528e-05
Cabs	= 0.006724572876
Qabs	= 3.847885206e-05
