Cext	= 0.4769549651
Qext	= 0.001899175866
Cabs	= 0.4737992373
Qabs	= 0.001886610147
