Cext	= 423350.8915
Qext	= 0.2594674838
Cabs	= 14105.96285
Qabs	= 0.008645402103
