Cext	= 3.789928898
Qext	= 0.003469831999
Cabs	= 3.56932417
Qabs	= 0.003267859518
