Cext	= 6.214204382e-06
Qext	= 4.97538037e-05
Cabs	= 6.214152947e-06
Qabs	= 4.975339188e-05
