Cext	= 64411.87038
Qext	= 0.2031737969
Cabs	= 4797.325122
Qabs	= 0.01513216049
