Cext	= 6.798022979e-09
Qext	= 4.370294123e-07
Cabs	= 6.797970873e-09
Qabs	= 4.370260625e-07
