Cext	= 0.000233036886
Qext	= 1.8790464e-05
Cabs	= 0.0002330371556
Qabs	= 1.879048574e-05
