Cext	= 0.3820727564
Qext	= 0.002438863198
Cabs	= 0.3809839041
Qabs	= 0.002431912789
