Cext	= 0.0001821496932
Qext	= 0.0001852948377
Cabs	= 0.0001821475677
Qabs	= 0.0001852926755
