Cext	= 2.99537446e-07
Qext	= 2.602472029e-05
Cabs	= 2.99540135e-07
Qabs	= 2.602495392e-05
