Cext	= 3.462192695e-09
Qext	= 1.231996497e-06
Cabs	= 3.462174627e-09
Qabs	= 1.231990068e-06
