Cext	= 7.767736204e-10
Qext	= 2.487684012e-06
Cabs	= 7.767672728e-10
Qabs	= 2.487663684e-06
