Cext	= 1.191351742e-06
Qext	= 2.726825824e-06
Cabs	= 1.191339736e-06
Qabs	= 2.726798345e-06
