Cext	= 1.69794434e-08
Qext	= 6.69214173e-07
Cabs	= 1.697935687e-08
Qabs	= 6.692107624e-07
