Cext	= 1685976.406
Qext	= 0.4786254511
Cabs	= 37967.62793
Qabs	= 0.01077848597
