Cext = 1.0274443102e+04
Qext = 1.8096581229e-01
Cabs = 7.7615109675e+02
Qabs = 1.3670503823e-02
