Cext	= 3.545894275e-06
Qext	= 3.246408508e-05
Cabs	= 3.545912768e-06
Qabs	= 3.24642544e-05
