Cext	= 23.57244824
Qext	= 0.008192182717
Cabs	= 18.87925875
Qabs	= 0.006561148662
