Cext	= 0.06106769676
Qext	= 0.0002414500325
Cabs	= 0.06102852297
Qabs	= 0.0002412951468
