Cext	= 7372153.208
Qext	= 2.8996071
Cabs	= 2121311.446
Qabs	= 0.8343518586
