Cext	= 7131313.657
Qext	= 3.545901287
Cabs	= 1621630.688
Qabs	= 0.806323017
