Cext	= 21.83533611
Qext	= 0.0007042594918
Cabs	= 19.35625229
Qabs	= 0.0006243011022
