Cext	= 2.953067194e-07
Qext	= 1.88501451e-05
Cabs	= 2.953046754e-07
Qabs	= 1.885001463e-05
