Cext	= 1690063.217
Qext	= 5.975820131
Cabs	= 78420.50475
Qabs	= 0.2772836107
