Cext	= 3147234.873
Qext	= 2.64752972
Cabs	= 74132.06251
Qabs	= 0.06236167512
