Cext	= 9.530816278e-06
Qext	= 5.453652989e-06
Cabs	= 9.53071977e-06
Qabs	= 5.453597765e-06
