Cext	= 3.474343156e-07
Qext	= 1.697970676e-05
Cabs	= 3.474319129e-07
Qabs	= 1.697958933e-05
