Cext = 4.5607479886e-02
Qext = 5.0205851562e-04
Cabs = 4.5514648732e-02
Qabs = 5.0103660703e-04
