Cext	= 0.02871857121
Qext	= 0.0001877013932
Cabs	= 0.02870977251
Qabs	= 0.0001876438858
