Cext	= 0.0001328567628
Qext	= 0.0001674047495
Cabs	= 0.0001328559809
Qabs	= 0.0001674037643
