Cext	= 1.067416917e-09
Qext	= 2.129809688e-07
Cabs	= 1.067407544e-09
Qabs	= 2.129790986e-07
