Cext	= 14484.30547
Qext	= 0.2631612528
Cabs	= 1607.291205
Qabs	= 0.02920241969
