Cext	= 106.777881
Qext	= 0.005255637977
Cabs	= 76.52051409
Qabs	= 0.003766361684
