Cext	= 0.0004319409832
Qext	= 0.0002154622238
Cabs	= 0.0004319369517
Qabs	= 0.0002154602128
