Cext	= 0.1611673536
Qext	= 0.0001260243692
Cabs	= 0.1609931303
Qabs	= 0.0001258881357
