Cext	= 0.001490693263
Qext	= 2.974370092e-05
Cabs	= 0.001490672568
Qabs	= 2.974328798e-05
