Cext	= 5.854981031
Qext	= 0.004610941571
Cabs	= 5.441160953
Qabs	= 0.004285048081
