Cext	= 0.04539359079
Qext	= 0.0002287638473
Cabs	= 0.04537395798
Qabs	= 0.0002286649066
