Cext	= 0.3665907978
Qext	= 0.002356728734
Cabs	= 0.365510215
Qabs	= 0.002349781914
