Cext	= 8.609527424e-07
Qext	= 2.692878522e-05
Cabs	= 8.609467758e-07
Qabs	= 2.69285986e-05
