Cext = 5.7092828795e+01
Qext = 6.2849210140e-03
Cabs = 2.4288026601e+01
Qabs = 2.6736865574e-03
