Cext	= 2.836722499e-05
Qext	= 6.492833221e-05
Cabs	= 2.83673603e-05
Qabs	= 6.492864189e-05
