Cext	= 2.311442216e-07
Qext	= 1.727524987e-05
Cabs	= 2.311420084e-07
Qabs	= 1.727508446e-05
