Cext	= 1.04602612e-08
Qext	= 1.339995276e-06
Cabs	= 1.046017378e-08
Qabs	= 1.339984077e-06
