Cext	= 1.968679977e-08
Qext	= 2.002672804e-06
Cabs	= 1.968660147e-08
Qabs	= 2.002652632e-06
