Cext	= 0.04284713972
Qext	= 0.00084357941
Cabs	= 0.0428204403
Qabs	= 0.0008430537487
