Cext	= 482649.3746
Qext	= 3.654146429
Cabs	= 24290.65028
Qabs	= 0.1839049166
