Cext	= 2.618929916e-05
Qext	= 8.38734724e-06
Cabs	= 2.618915894e-05
Qabs	= 8.387302333e-06
