Cext	= 753795.2408
Qext	= 0.374809417
Cabs	= 15571.63826
Qabs	= 0.007742681756
