Cext	= 8.099934628e-05
Qext	= 0.0001044995289
Cabs	= 8.099859041e-05
Qabs	= 0.0001044985538
