Cext	= 1.981930907e-08
Qext	= 6.243277347e-07
Cabs	= 1.981915715e-08
Qabs	= 6.243229493e-07
