Cext = 2.4084690785e-04
Qext = 1.1783568186e-04
Cabs = 2.4084837420e-04
Qabs = 1.1783639928e-04
