Cext	= 1.832172792e-08
Qext	= 6.367388796e-06
Cabs	= 1.83216013e-08
Qabs	= 6.36734479e-06
