Cext	= 23973246.85
Qext	= 10.6338659
Cabs	= 476836.4491
Qabs	= 0.2115113938
