Cext	= 6.802168261e-08
Qext	= 1.339218703e-05
Cabs	= 6.802135553e-08
Qabs	= 1.339212263e-05
