Cext	= 0.8538280611
Qext	= 0.003126855419
Cabs	= 0.845472994
Qabs	= 0.003096257822
