Cext	= 1.426277304e-10
Qext	= 4.600200903e-07
Cabs	= 1.426280351e-10
Qabs	= 4.600210731e-07
