Cext	= 6077198.722
Qext	= 3.755965096
Cabs	= 115046.3116
Qabs	= 0.07110347226
