Cext	= 8.405483604e-07
Qext	= 1.92388939e-06
Cabs	= 8.405528746e-07
Qabs	= 1.923899722e-06
