Cext	= 1980.326955
Qext	= 0.09878332137
Cabs	= 380.0053825
Qabs	= 0.01895555364
