Cext = 6.4966409458e-07
Qext = 1.4126744525e-05
Cabs = 6.4967210445e-07
Qabs = 1.4126918695e-05
