Cext	= 8.206687595e-06
Qext	= 1.64266372e-05
Cabs	= 8.20664435e-06
Qabs	= 1.642655064e-05
