Cext	= 2.638332669e-05
Qext	= 1.718937849e-05
Cabs	= 2.638308696e-05
Qabs	= 1.71892223e-05
