Cext	= 4.415613141e-05
Qext	= 1.996380757e-05
Cabs	= 4.415634563e-05
Qabs	= 1.996390442e-05
