Cext	= 4.319225204e-07
Qext	= 2.154530141e-05
Cabs	= 4.31920485e-07
Qabs	= 2.154519988e-05
