Cext	= 547.4099653
Qext	= 0.004361345939
Cabs	= 277.2926401
Qabs	= 0.002209256693
