Cext	= 0.003641324854
Qext	= 4.697775345e-05
Cabs	= 0.003641276916
Qabs	= 4.697713499e-05
