Cext = 9.5847476226e-06
Qext = 6.7527227386e-06
Cabs = 9.5846632650e-06
Qabs = 6.7526633047e-06
