Cext = 1.3923674033e+02
Qext = 2.4524044326e-03
Cabs = 4.6979764696e+01
Qabs = 8.2746395034e-04
