Cext	= 6.62732356e-09
Qext	= 5.75801938e-07
Cabs	= 6.627387557e-09
Qabs	= 5.758074982e-07
