Cext	= 67394.22164
Qext	= 0.08095826546
Cabs	= 4746.540285
Qabs	= 0.005701848898
