Cext	= 1.490651016e-06
Qext	= 2.974285797e-06
Cabs	= 1.490643407e-06
Qabs	= 2.974270613e-06
