Cext	= 0.0001930865226
Qext	= 0.0001258005618
Cabs	= 0.0001930842115
Qabs	= 0.000125799056
