Cext	= 7.653145066e-08
Qext	= 9.803940877e-06
Cabs	= 7.65308258e-08
Qabs	= 9.80386083e-06
