Cext	= 0.1404291909
Qext	= 0.00125813638
Cabs	= 0.1401513685
Qabs	= 0.001255647307
