Cext	= 0.0004947039168
Qext	= 0.0001910283299
Cabs	= 0.0004946970582
Qabs	= 0.0001910256815
