Cext	= 22.57546971
Qext	= 0.00229652761
Cabs	= 19.83997482
Qabs	= 0.002018254794
