Cext	= 0.0005663007255
Qext	= 0.0002239045123
Cabs	= 0.0005662906488
Qabs	= 0.0002239005281
