Cext	= 3.462194706e-06
Qext	= 1.231997213e-05
Cabs	= 3.462176563e-06
Qabs	= 1.231990757e-05
