Cext	= 0.0008433064878
Qext	= 0.0003088323729
Cabs	= 0.0008432900562
Qabs	= 0.0003088263554
