Cext	= 0.5284840652
Qext	= 0.002082924736
Cabs	= 0.5232971524
Qabs	= 0.002062481454
