Cext	= 0.01030189853
Qext	= 5.034713275e-05
Cabs	= 0.01030111684
Qabs	= 5.034331249e-05
