Cext	= 1.570921144e-08
Qext	= 7.677359192e-07
Cabs	= 1.570936313e-08
Qabs	= 7.677433328e-07
