Cext	= 1487211.603
Qext	= 0.5513993981
Cabs	= 31763.89105
Qabs	= 0.01177679785
