Cext	= 2.326858705e-09
Qext	= 3.408532037e-07
Cabs	= 2.326835272e-09
Qabs	= 3.408497711e-07
