Cext	= 0.4788491206
Qext	= 0.003056610235
Cabs	= 0.476948502
Qabs	= 0.003044478124
