Cext	= 4829302.716
Qext	= 2.142144441
Cabs	= 102581.3234
Qabs	= 0.0455022235
