Cext	= 4.919829626
Qext	= 0.004504301459
Cabs	= 4.53751303
Qabs	= 0.004154275273
