Cext	= 0.1841325034
Qext	= 0.001611209726
Cabs	= 0.1836063204
Qabs	= 0.001606605481
