Cext	= 38.43195229
Qext	= 0.002872326092
Cabs	= 31.5893086
Qabs	= 0.002360920794
