Cext = 7.7247467803e-03
Qext = 8.5035939535e-05
Cabs = 7.7238253922e-03
Qabs = 8.5025796646e-05
