Cext	= 1.963651422e-09
Qext	= 3.83867958e-07
Cabs	= 1.963670384e-09
Qabs	= 3.838716648e-07
