Cext	= 0.297294835
Qext	= 0.001897705136
Cabs	= 0.2959636649
Qabs	= 0.001889207953
