Cext	= 40.53729537
Qext	= 0.01437934022
Cabs	= 30.57592406
Qabs	= 0.01084585467
