Cext	= 3.602532103e-09
Qext	= 3.194714538e-07
Cabs	= 3.602500468e-09
Qabs	= 3.194686485e-07
