Cext	= 8.405483079e-10
Qext	= 1.923889269e-07
Cabs	= 8.405528281e-10
Qabs	= 1.923899615e-07
