Cext	= 16040852.11
Qext	= 6.309170109
Cabs	= 368977.9488
Qabs	= 0.1451259964
