Cext	= 34559332.91
Qext	= 12.11224447
Cabs	= 683150.4408
Qabs	= 0.2394283816
