Cext	= 8.53934129e-06
Qext	= 4.259622345e-06
Cabs	= 8.539265694e-06
Qabs	= 4.259584636e-06
