Cext	= 66.8206617
Qext	= 0.003021086289
Cabs	= 44.78794522
Qabs	= 0.002024946233
