Cext	= 0.7916722586
Qext	= 0.002535398176
Cabs	= 0.781391254
Qabs	= 0.002502472379
