Cext = 5.1880745493e-04
Qext = 1.1281307423e-04
Cabs = 5.1879109515e-04
Qabs = 1.1280951683e-04
