Cext	= 6.223665392e-09
Qext	= 4.067718606e-07
Cabs	= 6.223613365e-09
Qabs	= 4.067684602e-07
