Cext	= 3.13518527e-08
Qext	= 2.015539194e-06
Cabs	= 3.135161245e-08
Qabs	= 2.015523749e-06
