Cext	= 0.000484572079
Qext	= 4.436451846e-05
Cabs	= 0.0004845718892
Qabs	= 4.436450108e-05
