Cext	= 290950.3904
Qext	= 1.321548855
Cabs	= 13808.88053
Qabs	= 0.062722412
