Cext	= 6.808668885e-07
Qext	= 3.351246383e-05
Cabs	= 6.808636423e-07
Qabs	= 3.351230405e-05
