Cext	= 0.0001832354467
Qext	= 0.0001603360235
Cabs	= 0.0001832335492
Qabs	= 0.0001603343631
