Cext	= 1616.501666
Qext	= 0.1039212099
Cabs	= 461.5940626
Qabs	= 0.02967483083
