Cext	= 4.067550902e-07
Qext	= 2.658506113e-05
Cabs	= 4.067531439e-07
Qabs	= 2.658493392e-05
