Cext	= 19834066.2
Qext	= 6.320909707
Cabs	= 293926.8005
Qabs	= 0.09367140088
