Cext	= 2005316.289
Qext	= 6.747681296
Cabs	= 86881.86208
Qabs	= 0.2923484535
