Cext	= 11136084.19
Qext	= 4.163529792
Cabs	= 2063915.329
Qabs	= 0.771651221
