Cext	= 2.561507892
Qext	= 0.0003204742489
Cabs	= 2.51924214
Qabs	= 0.0003151863148
