Cext	= 7.029165222e-08
Qext	= 1.029677255e-05
Cabs	= 7.029202359e-08
Qabs	= 1.029682696e-05
