Cext	= 9.767544587
Qext	= 0.001923045401
Cabs	= 9.298971169
Qabs	= 0.001830792128
