Cext	= 0.2684181877
Qext	= 0.001754351476
Cabs	= 0.2672083225
Qabs	= 0.001746443931
