Cext	= 0.005850685312
Qext	= 0.0001151889647
Cabs	= 0.005850313813
Qabs	= 0.0001151816505
