Cext	= 2.460850489e-06
Qext	= 1.001336613e-05
Cabs	= 2.460825659e-06
Qabs	= 1.001326509e-05
