Cext	= 0.01425880019
Qext	= 0.0001820831148
Cabs	= 0.01425724612
Qabs	= 0.0001820632695
