Cext	= 1.913723255e-08
Qext	= 1.714547262e-06
Cabs	= 1.913707258e-08
Qabs	= 1.71453293e-06
