Cext	= 13156.08937
Qext	= 0.02469365487
Cabs	= 1493.414839
Qabs	= 0.002803102775
