Cext = 5.7088616887e-07
Qext = 1.5711143386e-05
Cabs = 5.7089315155e-07
Qabs = 1.5711335556e-05
