Cext = 3.5898203654e-08
Qext = 3.9517638067e-06
Cabs = 3.5897903384e-08
Qabs = 3.9517307544e-06
