Cext	= 324361.3451
Qext	= 0.2108933249
Cabs	= 8842.966934
Qabs	= 0.005749522029
