Cext	= 0.2905618036
Qext	= 0.001449389958
Cabs	= 0.2890962618
Qabs	= 0.001442079494
