Cext	= 0.000714225774
Qext	= 0.0002280143698
Cabs	= 0.0007142099136
Qabs	= 0.0002280093064
