Cext	= 1.0506854e-07
Qext	= 9.619446484e-07
Cabs	= 1.050691049e-07
Qabs	= 9.619498206e-07
