Cext	= 9338155.126
Qext	= 4.649957015
Cabs	= 2313787.126
Qabs	= 1.152155917
