Cext	= 1.455602056e-07
Qext	= 1.480735663e-05
Cabs	= 1.45558812e-07
Qabs	= 1.480721486e-05
