Cext	= 1.798949733e-08
Qext	= 2.266747459e-06
Cabs	= 1.79894039e-08
Qabs	= 2.266735686e-06
