Cext	= 10809847.49
Qext	= 3.439985751
Cabs	= 2895053.533
Qabs	= 0.9212843114
