Cext	= 38615553.8
Qext	= 13.5338558
Cabs	= 871849.4733
Qabs	= 0.305563015
