Cext	= 5.720690552e-06
Qext	= 3.727168916e-06
Cabs	= 5.720640044e-06
Qabs	= 3.727136009e-06
