Cext	= 0.02619573219
Qext	= 8.389407474e-05
Cabs	= 0.02619214849
Qabs	= 8.388259762e-05
