Cext	= 9.123150266e-10
Qext	= 7.281343778e-07
Cabs	= 9.123103809e-10
Qabs	= 7.2813067e-07
