Cext	= 0.000543207667
Qext	= 1.887821076e-05
Cabs	= 0.0005432018616
Qabs	= 1.887800901e-05
