Cext	= 0.0005389241658
Qext	= 0.0002715942128
Cabs	= 0.0005389230067
Qabs	= 0.0002715936287
