Cext	= 0.02221495802
Qext	= 0.0007961150151
Cabs	= 0.02220722837
Qabs	= 0.0007958380085
