Cext	= 0.8318995976
Qext	= 0.0002891118239
Cabs	= 0.8290652146
Qabs	= 0.0002881267848
