Cext	= 1745080.91
Qext	= 5.872016241
Cabs	= 73083.97373
Qabs	= 0.2459199905
