Cext	= 9264422.778
Qext	= 4.606546596
Cabs	= 143710.6348
Qabs	= 0.07145720263
