Cext	= 0.4139364072
Qext	= 0.001871483419
Cabs	= 0.4106852925
Qabs	= 0.001856784526
