Cext	= 29.69733852
Qext	= 0.00263355097
Cabs	= 25.23226494
Qabs	= 0.0022375896
