Cext	= 1.641696079e-06
Qext	= 2.404861829e-06
Cabs	= 1.641704885e-06
Qabs	= 2.404874728e-06
