Cext	= 5.697348934
Qext	= 0.001140390479
Cabs	= 5.398613181
Qabs	= 0.001080595053
