Cext = 5.7090549577e-04
Qext = 1.5711675280e-04
Cabs = 5.7090415463e-04
Qabs = 1.5711638376e-04
