Cext	= 0.0001050687795
Qext	= 9.619468411e-06
Cabs	= 0.0001050692502
Qabs	= 9.619511508e-06
