Cext	= 3.744217506e-08
Qext	= 1.301235817e-05
Cabs	= 3.744251127e-08
Qabs	= 1.301247501e-05
