Cext	= 1.807533145e-08
Qext	= 1.60799434e-06
Cabs	= 1.807518039e-08
Qabs	= 1.607980901e-06
