Cext	= 3.91927616e-09
Qext	= 3.486615944e-07
Cabs	= 3.919243397e-09
Qabs	= 3.486586798e-07
