Cext	= 6908520.358
Qext	= 8.368723574
Cabs	= 240216.9171
Qabs	= 0.2909898029
