Cext	= 1.161267008e-09
Qext	= 2.324410625e-07
Cabs	= 1.161257301e-09
Qabs	= 2.324391194e-07
