Cext	= 13145.86255
Qext	= 0.0233245568
Cabs	= 1457.216783
Qabs	= 0.002585523431
