Cext	= 4.503165116e-10
Qext	= 1.597357265e-07
Cabs	= 4.503125573e-10
Qabs	= 1.597343238e-07
