Cext	= 0.0004724006285
Qext	= 0.0001881041059
Cabs	= 0.0004723936093
Qabs	= 0.000188101311
