Cext	= 4.570693734e-08
Qext	= 9.119874006e-06
Cabs	= 4.5706545e-08
Qabs	= 9.119795722e-06
