Cext = 2.4180075691e-01
Qext = 1.1830235780e-03
Cabs = 2.4032838631e-01
Qabs = 1.1758199234e-03
