Cext	= 1.140393858e-07
Qext	= 3.640672127e-06
Cabs	= 1.14038805e-07
Qabs	= 3.640653585e-06
