Cext	= 3.938257802e-08
Qext	= 1.964494727e-06
Cabs	= 3.938223227e-08
Qabs	= 1.96447748e-06
