Cext = 3.9118470144e+03
Qext = 8.5061901762e-02
Cabs = 3.8114326558e+02
Qabs = 8.2878422632e-03
