Cext	= 6.288682685e-10
Qext	= 2.23071389e-07
Cabs	= 6.288650636e-10
Qabs	= 2.230702522e-07
