Cext	= 6.634184404
Qext	= 0.000495825474
Cabs	= 6.39757655
Qabs	= 0.0004781418834
