Cext	= 0.02123888644
Qext	= 8.457062719e-05
Cabs	= 0.02123703674
Qabs	= 8.456326194e-05
