Cext	= 6.887632002e-06
Qext	= 5.385764913e-05
Cabs	= 6.887583637e-06
Qabs	= 5.385727094e-05
