Cext	= 0.09596200105
Qext	= 0.0009761895888
Cabs	= 0.09579825306
Qabs	= 0.0009745238349
