Cext	= 4272354.676
Qext	= 2.618483012
Cabs	= 86987.28857
Qabs	= 0.05331363023
