Cext	= 3.54589165e-09
Qext	= 3.246406106e-06
Cabs	= 3.545910369e-09
Qabs	= 3.246423243e-06
