Cext	= 1.192521593e-05
Qext	= 5.948575486e-06
Cabs	= 1.192515432e-05
Qabs	= 5.948544753e-06
