Cext	= 5.841438708
Qext	= 0.0005196585416
Cabs	= 5.680349508
Qabs	= 0.0005053279318
