Cext	= 64.35802173
Qext	= 0.004137430618
Cabs	= 50.81632183
Qabs	= 0.003266865577
