Cext	= 4600329.07
Qext	= 4.070498236
Cabs	= 580956.5653
Qabs	= 0.5140464167
