Cext	= 1.928261333e-08
Qext	= 6.839905198e-06
Cabs	= 1.928244782e-08
Qabs	= 6.839846488e-06
