Cext	= 0.0007696612881
Qext	= 0.0003033481312
Cabs	= 0.0007696506346
Qabs	= 0.0003033439323
