Cext	= 5.838843766e-05
Qext	= 2.912551277e-05
Cabs	= 5.838811551e-05
Qabs	= 2.912535207e-05
