Cext	= 1192282.55
Qext	= 4.011907102
Cabs	= 37404.68124
Qabs	= 0.1258628723
