Cext = 1.3645401171e+02
Qext = 2.9671502214e-03
Cabs = 5.9444469107e+01
Qabs = 1.2926015694e-03
