Cext = 8.7980615626e-05
Qext = 1.9131112376e-05
Cabs = 8.7980578920e-05
Qabs = 1.9131104388e-05
