Cext	= 8.510833166e-08
Qext	= 1.675622613e-05
Cabs	= 8.510792634e-08
Qabs	= 1.675614633e-05
