Cext	= 7269.312626
Qext	= 0.2328059595
Cabs	= 886.6519168
Qabs	= 0.02839578662
