Cext	= 434.7153962
Qext	= 0.03894711998
Cabs	= 157.7940957
Qabs	= 0.01413712427
