Cext	= 351285.2288
Qext	= 2.6595863
Cabs	= 19807.21739
Qabs	= 0.1499607718
