Cext	= 105.8342783
Qext	= 0.004214190477
Cabs	= 66.72914267
Qabs	= 0.002657072189
