Cext	= 7666866.49
Qext	= 8.706070663
Cabs	= 237270.4779
Qabs	= 0.2694312663
