Cext	= 3.705417962
Qext	= 0.0004780463662
Cabs	= 3.649684298
Qabs	= 0.0004708560098
