Cext	= 0.0004516902828
Qext	= 0.0002973154619
Cabs	= 0.0004516894268
Qabs	= 0.0002973148984
