Cext	= 2.769754203e-08
Qext	= 2.463993036e-06
Cabs	= 2.769739748e-08
Qabs	= 2.463980177e-06
