Cext	= 0.01668235255
Qext	= 5.325789465e-05
Cabs	= 0.01667987731
Qabs	= 5.324999251e-05
