Cext	= 41219.98942
Qext	= 0.4620343459
Cabs	= 3426.658966
Qabs	= 0.0384093775
