Cext	= 6.565343413e-08
Qext	= 3.285324107e-06
Cabs	= 6.565309149e-08
Qabs	= 3.285306961e-06
