Cext	= 2303.309352
Qext	= 0.1500662016
Cabs	= 517.4082242
Qabs	= 0.03371040318
