Cext	= 113.5434163
Qext	= 0.02219624058
Cabs	= 75.56660166
Qabs	= 0.01477227412
