Cext	= 0.8365178803
Qext	= 0.002698037961
Cabs	= 0.826154621
Qabs	= 0.002664613132
