Cext	= 8003643.297
Qext	= 2.967435225
Cabs	= 109455.7468
Qabs	= 0.04058187335
