Cext	= 5.670295094e-06
Qext	= 1.143032308e-05
Cabs	= 5.670247395e-06
Qabs	= 1.143022693e-05
