Cext	= 1.201839769e-09
Qext	= 9.39775304e-07
Cabs	= 1.201851373e-09
Qabs	= 9.397843777e-07
