Cext	= 0.00013855819
Qext	= 0.0001733523133
Cabs	= 0.0001385592989
Qabs	= 0.0001733537007
