Cext	= 0.01806424287
Qext	= 0.0006322682476
Cabs	= 0.01805941321
Qabs	= 0.0006320992041
