Cext	= 64560.51143
Qext	= 0.2284996954
Cabs	= 3587.257201
Qabs	= 0.01269641705
