Cext	= 49840643.56
Qext	= 14.14907137
Cabs	= 1199105.708
Qabs	= 0.3404095742
