Cext	= 0.001229514897
Qext	= 2.47848697e-05
Cabs	= 0.001229494469
Qabs	= 2.47844579e-05
