Cext	= 277884.3995
Qext	= 2.213971381
Cabs	= 13674.48552
Qabs	= 0.1089478922
