Cext	= 5.916244254
Qext	= 0.004626190933
Cabs	= 5.502893587
Qabs	= 0.004302972516
