Cext = 4.0802300911e+03
Qext = 8.8723339606e-02
Cabs = 2.9248482740e+02
Qabs = 6.3599919823e-03
