Cext	= 0.02099160271
Qext	= 0.0007469711622
Cabs	= 0.02098395374
Qabs	= 0.0007466989789
