Cext	= 1.609488175e-07
Qext	= 1.258534854e-06
Cabs	= 1.609476814e-07
Qabs	= 1.258525971e-06
