Cext	= 0.002084886123
Qext	= 2.662373792e-05
Cabs	= 0.002084831432
Qabs	= 2.662303952e-05
