Cext	= 38.03107819
Qext	= 0.002485669049
Cabs	= 29.4092186
Qabs	= 0.001922153878
