Cext	= 2183203.334
Qext	= 1.821252776
Cabs	= 54538.64565
Qabs	= 0.04549675161
