Cext	= 5.391118372e-09
Qext	= 4.935785219e-06
Cabs	= 5.391066765e-09
Qabs	= 4.935737971e-06
