Cext	= 68.23350801
Qext	= 0.0137546817
Cabs	= 43.88560793
Qabs	= 0.008846570925
