Cext	= 1.211489515
Qext	= 0.0009473208961
Cabs	= 1.204103125
Qabs	= 0.000941545129
