Cext	= 0.01799397483
Qext	= 0.0002267311641
Cabs	= 0.01799209956
Qabs	= 0.000226707535
