Cext	= 1.98193291e-05
Qext	= 6.243283657e-06
Cabs	= 1.98191745e-05
Qabs	= 6.243234956e-06
