Cext	= 22.40420282
Qext	= 0.008028969602
Cabs	= 18.07372831
Qabs	= 0.006477062199
