Cext	= 8851197.756
Qext	= 4.407475411
Cabs	= 2575773.361
Qabs	= 1.282612598
