Cext	= 9.47714057e-10
Qext	= 3.035135393e-06
Cabs	= 9.477094815e-10
Qabs	= 3.03512074e-06
