Cext	= 4.679926734e-08
Qext	= 2.303473382e-06
Cabs	= 4.679890872e-08
Qabs	= 2.30345573e-06
