Cext	= 6543.158319
Qext	= 0.04953836028
Cabs	= 922.2379897
Qabs	= 0.006982279133
