Cext	= 8.427846726e-05
Qext	= 0.0001698906483
Cabs	= 8.427857197e-05
Qabs	= 0.0001698908593
