Cext = 8.5134099824e-03
Qext = 2.3429435200e-05
Cabs = 8.5119189980e-03
Qabs = 2.3425331915e-05
