Cext	= 0.0193006973
Qext	= 0.0006846319923
Cabs	= 0.0192934348
Qabs	= 0.0006843743778
