Cext	= 0.005670967186
Qext	= 0.000114316779
Cabs	= 0.005670618954
Qabs	= 0.0001143097592
