Cext	= 0.6138133692
Qext	= 0.003071546654
Cabs	= 0.6100484764
Qabs	= 0.003052706979
