Cext	= 16.16583869
Qext	= 0.0007956872242
Cabs	= 15.15513167
Qabs	= 0.0007459399344
