Cext	= 91.64431871
Qext	= 0.01828572835
Cabs	= 50.39902821
Qabs	= 0.01005608369
