Cext	= 0.07374314559
Qext	= 0.0003629658809
Cabs	= 0.0737128659
Qabs	= 0.0003628168434
