Cext	= 7639.927567
Qext	= 0.2406652349
Cabs	= 939.5331111
Qabs	= 0.02959621735
