Cext	= 3.590507562e-08
Qext	= 1.256716897e-05
Cabs	= 3.590490465e-08
Qabs	= 1.256710912e-05
