Cext	= 0.03136862776
Qext	= 0.0002016617625
Cabs	= 0.03135900398
Qabs	= 0.0002015998934
