Cext	= 23.4882447
Qext	= 0.008221142407
Cabs	= 18.7521995
Qabs	= 0.006563474817
