Cext = 1.6626084046e-11
Qext = 2.9283852903e-08
Cabs = 1.6625942027e-11
Qabs = 2.9283602763e-08
