Cext	= 1.79895258e-05
Qext	= 2.266751046e-05
Cabs	= 1.798943059e-05
Qabs	= 2.266739049e-05
