Cext	= 0.1470577782
Qext	= 0.001277682505
Cabs	= 0.1467548364
Qabs	= 0.001275050455
