Cext = 6.1343450532e-04
Qext = 2.7011360224e-05
Cabs = 6.1341900123e-04
Qabs = 2.7010677544e-05
