Cext	= 17382930.8
Qext	= 5.220373098
Cabs	= 269044.7887
Qabs	= 0.08079846794
