Cext	= 1.506708301
Qext	= 0.0003006324788
Cabs	= 1.49359006
Qabs	= 0.000298015005
