Cext	= 9.347920703e-08
Qext	= 3.69598966e-06
Cabs	= 9.347871915e-08
Qabs	= 3.69597037e-06
