Cext	= 1.287590503e-09
Qext	= 2.517069638e-07
Cabs	= 1.287581416e-09
Qabs	= 2.517051873e-07
