Cext	= 0.001185976764
Qext	= 0.0003798192109
Cabs	= 0.001185956771
Qabs	= 0.000379812808
