Cext	= 0.0001662303853
Qext	= 0.0002094568272
Cabs	= 0.0001662293442
Qabs	= 0.0002094555154
