Cext	= 0.01107708012
Qext	= 0.0001429085181
Cabs	= 0.01107583995
Qabs	= 0.0001428925183
