Cext	= 1.807536716e-05
Qext	= 1.607997517e-05
Cabs	= 1.807521271e-05
Qabs	= 1.607983777e-05
