Cext	= 2002941.466
Qext	= 7.092405799
Cabs	= 150362.6911
Qabs	= 0.5324335435
