Cext = 8.4544218130e-09
Qext = 3.0389676510e-07
Cabs = 8.4544298607e-09
Qabs = 3.0389705434e-07
