Cext	= 3.108592332e-05
Qext	= 2.720103245e-05
Cabs	= 3.108575656e-05
Qabs	= 2.720088653e-05
