Cext	= 9.709671658e-08
Qext	= 1.243842186e-05
Cabs	= 9.709592298e-08
Qabs	= 1.24383202e-05
