Cext	= 1.151327814e-09
Qext	= 9.06698972e-07
Cabs	= 1.151321835e-09
Qabs	= 9.066942631e-07
