Cext	= 1.039756197e-07
Qext	= 4.140180983e-06
Cabs	= 1.039758418e-07
Qabs	= 4.140189826e-06
