Cext	= 0.01308620366
Qext	= 0.0001331216068
Cabs	= 0.01308423658
Qabs	= 0.0001331015963
