Cext = 5.3156159665e+02
Qext = 2.6006945138e-02
Cabs = 8.4163968390e+01
Qabs = 4.1177687075e-03
