Cext	= 0.0006147656785
Qext	= 0.0002779469875
Cabs	= 0.0006147553608
Qabs	= 0.0002779423227
