Cext	= 0.0001039760995
Qext	= 4.140200088e-05
Cabs	= 0.0001039762655
Qabs	= 4.140206696e-05
