Cext	= 5696.123178
Qext	= 0.2199539685
Cabs	= 1037.711754
Qabs	= 0.04007090636
