Cext	= 9.204774015
Qext	= 0.0004591555689
Cabs	= 8.592867281
Qabs	= 0.0004286322357
