Cext	= 0.0002882250016
Qext	= 0.0001437733445
Cabs	= 0.0002882210696
Qabs	= 0.0001437713831
