Cext	= 2593.07624
Qext	= 0.009177701941
Cabs	= 590.9911033
Qabs	= 0.002091701012
