Cext	= 10203335.55
Qext	= 6.306091659
Cabs	= 621855.2934
Qabs	= 0.3843327961
