Cext	= 7.69190992e-08
Qext	= 2.455618457e-06
Cabs	= 7.691842388e-08
Qabs	= 2.455596897e-06
