Cext	= 9.614900781e-06
Qext	= 1.227810937e-05
Cabs	= 9.614815297e-06
Qabs	= 1.227800021e-05
