Cext	= 175.0452422
Qext	= 0.006759315853
Cabs	= 113.6154798
Qabs	= 0.004387225291
