Cext	= 20.80415033
Qext	= 0.002602839707
Cabs	= 18.99796771
Qabs	= 0.002376865382
