Cext	= 0.0001027681078
Qext	= 0.0001325840189
Cabs	= 0.0001027671038
Qabs	= 0.0001325827236
