Cext	= 1.519889177e-05
Qext	= 5.391332445e-05
Cabs	= 1.519875739e-05
Qabs	= 5.391284777e-05
