Cext	= 6854984.351
Qext	= 4.45839164
Cabs	= 1098861.824
Qabs	= 0.7146852737
