Cext	= 6124.513561
Qext	= 0.04598224286
Cabs	= 881.9464582
Qabs	= 0.006621566893
