Cext = 7.6721294203e+00
Qext = 3.3782685819e-03
Cabs = 6.6165623169e+00
Qabs = 2.9134707400e-03
