Cext	= 0.0006786124025
Qext	= 0.0002122556412
Cabs	= 0.0006786012402
Qabs	= 0.0002122521498
