Cext = 7.1461824591e-02
Qext = 7.8666959141e-04
Cabs = 7.1332734111e-02
Qabs = 7.8524853142e-04
