Cext = 5.2494300643e-01
Qext = 1.1414723088e-03
Cabs = 5.1312590737e-01
Qabs = 1.1157763928e-03
