Cext = 2.1471179197e+03
Qext = 5.9090024158e-02
Cabs = 2.6116497869e+02
Qabs = 7.1874230853e-03
