Cext	= 1.268435771e-09
Qext	= 2.49731092e-07
Cabs	= 1.268426048e-09
Qabs	= 2.497291779e-07
