Cext	= 10.69624561
Qext	= 0.008563910544
Cabs	= 9.769581517
Qabs	= 0.007821980274
