Cext	= 9226.614632
Qext	= 0.3673924189
Cabs	= 1370.586019
Qabs	= 0.05457504547
