Cext = 8.9117149522e-07
Qext = 1.5696381000e-05
Cabs = 8.9118247758e-07
Qabs = 1.5696574436e-05
