Cext	= 0.1867979045
Qext	= 0.001622956756
Cabs	= 0.1862694774
Qabs	= 0.001618365621
