Cext	= 0.01466873677
Qext	= 5.664285628e-05
Cabs	= 0.01466719593
Qabs	= 5.663690638e-05
