Cext = 6.1342315447e-10
Qext = 2.7010860427e-07
Cabs = 6.1341791587e-10
Qabs = 2.7010629758e-07
