Cext	= 0.01861765508
Qext	= 6.818084147e-05
Cabs	= 0.01861544619
Qabs	= 6.817275216e-05
