Cext	= 0.0003610341314
Qext	= 0.0002376429904
Cabs	= 0.0003610338472
Qabs	= 0.0002376428033
