Cext	= 0.0003977259345
Qext	= 0.0001990236486
Cabs	= 0.0003977199967
Qabs	= 0.0001990206773
