Cext	= 1.661455966e-05
Qext	= 1.473374109e-05
Cabs	= 1.661441058e-05
Qabs	= 1.47336089e-05
