Cext	= 0.02639826908
Qext	= 0.0001719911382
Cabs	= 0.02638991559
Qabs	= 0.0001719367132
