Cext = 2.8900099326e-01
Qext = 7.9534875668e-04
Cabs = 2.8563430477e-01
Qabs = 7.8608341996e-04
