Cext	= 0.04287805738
Qext	= 0.0002145635143
Cabs	= 0.04285862811
Qabs	= 0.0002144662895
