Cext	= 0.0001502307908
Qext	= 4.698902157e-05
Cabs	= 0.0001502321257
Qabs	= 4.69894391e-05
