Cext	= 7.029214105e-05
Qext	= 0.0001029684416
Cabs	= 7.029241627e-05
Qabs	= 0.0001029688448
