Cext	= 1.669842814
Qext	= 0.0006794702705
Cabs	= 1.638192292
Qabs	= 0.0006665914602
