Cext	= 0.04347977399
Qext	= 0.0008499722441
Cabs	= 0.04345296418
Qabs	= 0.0008494481477
