Cext	= 0.01878275326
Qext	= 0.0002349939566
Cabs	= 0.01878112848
Qabs	= 0.0002349736287
