Cext	= 176.4219688
Qext	= 0.005557465589
Cabs	= 95.79051494
Qabs	= 0.003017495463
