Cext	= 2.850409119e-05
Qext	= 0.0001011093663
Cabs	= 2.850394864e-05
Qabs	= 0.0001011088607
