Cext	= 2.46325697e-05
Qext	= 2.184408807e-05
Cabs	= 2.463243985e-05
Qabs	= 2.184397292e-05
