Cext = 4.4769512273e+03
Qext = 7.8853433436e-02
Cabs = 3.0966938240e+02
Qabs = 5.4542684944e-03
