Cext	= 10.58946458
Qext	= 0.0006807725563
Cabs	= 10.13608606
Qabs	= 0.000651625884
