Cext	= 10458085.57
Qext	= 4.948646221
Cabs	= 986859.2862
Qabs	= 0.4669705026
