Cext	= 0.005356381526
Qext	= 0.0001072141897
Cabs	= 0.005356038814
Qabs	= 0.0001072073299
