Cext	= 1.490650712e-09
Qext	= 2.974285189e-07
Cabs	= 1.490643115e-09
Qabs	= 2.974270031e-07
