Cext	= 1.191351656e-09
Qext	= 2.726825628e-07
Cabs	= 1.191339659e-09
Qabs	= 2.726798168e-07
