Cext	= 0.0008221841968
Qext	= 0.0002651807243
Cabs	= 0.0008221671059
Qabs	= 0.0002651752119
