Cext	= 9.210622583e-09
Qext	= 1.813397957e-06
Cabs	= 9.210574747e-09
Qabs	= 1.813388539e-06
