Cext	= 6845307.338
Qext	= 5.75843728
Cabs	= 704334.2698
Qabs	= 0.592502939
