Cext	= 27.62495937
Qext	= 0.009799092062
Cabs	= 20.38920574
Qabs	= 0.007232434316
