Cext	= 6.738897924e-10
Qext	= 2.467892595e-06
Cabs	= 6.738833416e-10
Qabs	= 2.467868971e-06
