Cext	= 502706.1866
Qext	= 0.3106936233
Cabs	= 15689.85297
Qabs	= 0.009696990807
