Cext	= 179.8927848
Qext	= 0.02304488169
Cabs	= 85.18292515
Qabs	= 0.01091222438
