Cext = 3.6749358717e-01
Qext = 1.0113652702e-03
Cabs = 3.6163577793e-01
Qabs = 9.9524421376e-04
