Cext	= 0.0007071200194
Qext	= 2.516235992e-05
Cabs	= 0.000707113814
Qabs	= 2.51621391e-05
