Cext	= 5.938245519e-09
Qext	= 1.16084869e-06
Cabs	= 5.938203619e-09
Qabs	= 1.1608405e-06
