Cext = 2.6311765366e-02
Qext = 9.4578441373e-05
Cabs = 2.6292681476e-02
Qabs = 9.4509843765e-05
