Cext	= 20.04973214
Qext	= 0.002526345152
Cabs	= 18.2592941
Qabs	= 0.002300742913
