Cext	= 1922810.923
Qext	= 0.7188954776
Cabs	= 37006.49235
Qabs	= 0.01383588978
