Cext	= 8.423622818e-08
Qext	= 1.233946358e-05
Cabs	= 8.423542175e-08
Qabs	= 1.233934545e-05
