Cext	= 2.293340048e-07
Qext	= 1.474336077e-05
Cabs	= 2.293322873e-07
Qabs	= 1.474325036e-05
