Cext	= 111.9913895
Qext	= 0.004355356731
Cabs	= 69.22509272
Qabs	= 0.002692171021
