Cext = 4.5545136373e-08
Qext = 5.0137222251e-06
Cabs = 4.5544755041e-08
Qabs = 5.0136802482e-06
