Cext	= 0.01160050305
Qext	= 0.0001451357037
Cabs	= 0.01159916854
Qabs	= 0.0001451190074
