Cext	= 1.200397956
Qext	= 0.0002747531255
Cabs	= 1.192120074
Qabs	= 0.0002728584421
