Cext	= 0.5042591928
Qext	= 0.0002051864566
Cabs	= 0.5027818278
Qabs	= 0.0002045853068
