Cext	= 1.489189595e-07
Qext	= 1.363412837e-06
Cabs	= 1.489174597e-07
Qabs	= 1.363399106e-06
