Cext	= 0.00246809506
Qext	= 8.638602512e-05
Cabs	= 0.00246801801
Qabs	= 8.638332827e-05
