Cext	= 0.0001585552039
Qext	= 1.248661229e-05
Cabs	= 0.0001585538164
Qabs	= 1.248650302e-05
