Cext = 8.8053763513e-02
Qext = 1.9147018159e-04
Cabs = 8.7933464143e-02
Qabs = 1.9120859429e-04
