Cext	= 7.368529253e-05
Qext	= 3.626811265e-05
Cabs	= 7.368487997e-05
Qabs	= 3.626790958e-05
