Cext = 3.0810578550e-09
Qext = 2.1706914209e-07
Cabs = 3.0810607874e-09
Qabs = 2.1706934868e-07
