Cext	= 2.454604103
Qext	= 0.0008796537813
Cabs	= 2.401028999
Qabs	= 0.0008604541301
