Cext	= 21.84232565
Qext	= 0.008887789193
Cabs	= 18.4994186
Qabs	= 0.007527537834
