Cext	= 6.479571447
Qext	= 0.0005805192289
Cabs	= 6.313108681
Qabs	= 0.0005656054592
