Cext	= 160761.6482
Qext	= 1.206982575
Cabs	= 8239.64983
Qabs	= 0.06186247705
