Cext	= 5.838816408e-08
Qext	= 2.91253763e-06
Cabs	= 5.838786674e-08
Qabs	= 2.912522798e-06
