Cext	= 0.5697002252
Qext	= 0.002086333675
Cabs	= 0.5635904324
Qabs	= 0.002063958633
