Cext	= 0.02560720749
Qext	= 0.0009112141555
Cabs	= 0.02560109503
Qabs	= 0.0009109966479
