Cext	= 146.1881128
Qext	= 0.02926124657
Cabs	= 85.0699871
Qabs	= 0.01702774474
