Cext = 4.4880928335e-03
Qext = 1.9762418190e-04
Cabs = 4.4872265912e-03
Qabs = 1.9758603876e-04
