Cext = 2.6068233785e-08
Qext = 1.2754027571e-06
Cabs = 2.6068258605e-08
Qabs = 1.2754039712e-06
