Cext	= 1.520301166e-07
Qext	= 1.136242227e-05
Cabs	= 1.520309188e-07
Qabs	= 1.136248223e-05
