Cext	= 9188.102907
Qext	= 0.06898336906
Cabs	= 1465.064376
Qabs	= 0.01099955862
