Cext	= 0.007299693797
Qext	= 0.000145650292
Cabs	= 0.007299268292
Qabs	= 0.0001456418019
