Cext	= 53572.2944
Qext	= 0.1787624421
Cabs	= 3214.000401
Qabs	= 0.01072462113
