Cext = 7.6677904723e-11
Qext = 1.3505432044e-07
Cabs = 7.6677249923e-11
Qabs = 1.3505316713e-07
