Cext	= 0.03102741459
Qext	= 0.0001775427701
Cabs	= 0.03101613579
Qabs	= 0.0001774782313
