Cext	= 0.0002909737527
Qext	= 0.0001870603976
Cabs	= 0.0002909702499
Qabs	= 0.0001870581457
