Cext	= 11488.96411
Qext	= 0.02287655959
Cabs	= 1259.976601
Qabs	= 0.002508836264
