Cext = 1.5913619259e+00
Qext = 1.7518109052e-04
Cabs = 1.5604351875e+00
Qabs = 1.7177659802e-04
