Cext	= 0.2468671552
Qext	= 0.001608399509
Cabs	= 0.2457186012
Qabs	= 0.0016009164
