Cext = 2.4074060437e-02
Qext = 4.7113468911e-04
Cabs = 2.4061079472e-02
Qabs = 4.7088064896e-04
