Cext	= 17.88659146
Qext	= 0.00229133361
Cabs	= 16.2808069
Qabs	= 0.00208562711
