Cext	= 1.504911796e-05
Qext	= 7.407219089e-06
Cabs	= 1.504903874e-05
Qabs	= 7.407180098e-06
