Cext	= 0.2887191364
Qext	= 0.002526371347
Cabs	= 0.287971654
Qabs	= 0.002519830672
