Cext	= 41.82092149
Qext	= 0.002669530989
Cabs	= 32.41755784
Qabs	= 0.002069291449
