Cext	= 0.0001455614699
Qext	= 0.0001480748524
Cabs	= 0.0001455598516
Qabs	= 0.0001480732062
