Cext	= 4.280970734e-09
Qext	= 3.745966387e-07
Cabs	= 4.280937921e-09
Qabs	= 3.745937674e-07
