Cext	= 1.482343355e-07
Qext	= 1.898932594e-05
Cabs	= 1.482336266e-07
Qabs	= 1.898923513e-05
