Cext	= 5.629196148e-07
Qext	= 1.797103463e-05
Cabs	= 5.629147825e-07
Qabs	= 1.797088036e-05
