Cext = 4.1395388533e-08
Qext = 1.4879698392e-06
Cabs = 4.1395427930e-08
Qabs = 1.4879712551e-06
