Cext	= 1.142561701e-05
Qext	= 1.439672708e-05
Cabs	= 1.142552822e-05
Qabs	= 1.439661519e-05
