Cext	= 0.004505064002
Qext	= 3.366993376e-05
Cabs	= 0.00450491488
Qabs	= 3.366881925e-05
