Cext	= 4018130.987
Qext	= 2.483374402
Cabs	= 62640.66841
Qabs	= 0.03871457475
