Cext	= 2.558841478e-05
Qext	= 9.105454305e-05
Cabs	= 2.558828526e-05
Qabs	= 9.105408216e-05
