Cext	= 1.078635046
Qext	= 0.0002152193145
Cabs	= 1.069081561
Qabs	= 0.000213313114
