Cext	= 0.7284507463
Qext	= 0.002325556482
Cabs	= 0.7186888116
Qabs	= 0.002294391807
