Cext	= 39862326.61
Qext	= 13.97082074
Cabs	= 1138987.35
Qabs	= 0.3991886438
