Cext	= 1.04914752e-07
Qext	= 4.080145565e-06
Cabs	= 1.049142071e-07
Qabs	= 4.080124372e-06
