Cext	= 0.0007936158853
Qext	= 2.777742353e-05
Cabs	= 0.0007936089569
Qabs	= 2.777718103e-05
