Cext = 6.6807949807e-01
Qext = 1.3074463595e-04
Cabs = 6.6253519255e-01
Qabs = 1.2965960305e-04
