Cext	= 0.2333510026
Qext	= 0.0001881579217
Cabs	= 0.2331232706
Qabs	= 0.0001879742946
