Cext	= 0.1063636167
Qext	= 0.001340223428
Cabs	= 0.1061870912
Qabs	= 0.001337999138
