Cext = 4.0891473530e-04
Qext = 8.8917242736e-05
Cabs = 4.0890443280e-04
Qabs = 8.8915002475e-05
