Cext = 1.8798319846e+01
Qext = 3.3109855074e-04
Cabs = 1.4223662560e+01
Qabs = 2.5052420096e-04
