Cext	= 0.001864328746
Qext	= 3.758160649e-05
Cabs	= 0.001864318123
Qabs	= 3.758139235e-05
