Cext = 2.4648479820e-05
Qext = 4.3413858324e-06
Cabs = 2.4648495632e-05
Qabs = 4.3413886171e-06
