Cext	= 1.782849059e-05
Qext	= 2.300103585e-05
Cabs	= 1.782852703e-05
Qabs	= 2.300108286e-05
