Cext	= 0.007572379607
Qext	= 0.0001109250786
Cabs	= 0.007571737938
Qabs	= 0.0001109156791
