Cext	= 1.355252227
Qext	= 0.004269177852
Cabs	= 1.339230929
Qabs	= 0.004218709186
