Cext	= 9728205.817
Qext	= 4.603275486
Cabs	= 177111.9928
Qabs	= 0.08380736489
