Cext	= 4.276488934
Qext	= 0.0003831401627
Cabs	= 4.160834391
Qabs	= 0.0003727784148
