Cext	= 1.968681824e-05
Qext	= 2.002674683e-05
Cabs	= 1.968661716e-05
Qabs	= 2.002654227e-05
