Cext	= 0.0001439169532
Qext	= 4.533525617e-05
Cabs	= 0.0001439160918
Qabs	= 4.533498481e-05
