Cext	= 0.01603278217
Qext	= 0.0002053854292
Cabs	= 0.01603110185
Qabs	= 0.0002053639039
