Cext	= 296.9005344
Qext	= 0.03714568909
Cabs	= 152.42903
Qabs	= 0.01907063377
