Cext	= 498551835.9
Qext	= 8.845749431
Cabs	= 83343208.97
Qabs	= 1.47874923
