Cext	= 0.0007422972315
Qext	= 5.804372799e-05
Cabs	= 0.000742286863
Qabs	= 5.804291723e-05
