Cext	= 9130568.59
Qext	= 2.908892317
Cabs	= 2406139.941
Qabs	= 0.7665680312
