Cext	= 2.01186185e-05
Qext	= 6.292679377e-06
Cabs	= 2.011847381e-05
Qabs	= 6.29263412e-06
