Cext	= 0.01519056363
Qext	= 0.0006181142495
Cabs	= 0.01518615666
Qabs	= 0.0006179349268
