Cext	= 24069663.93
Qext	= 7.22850637
Cabs	= 1484025.161
Qabs	= 0.4456765729
