Cext	= 171.5610262
Qext	= 0.006672026068
Cabs	= 110.0292282
Qabs	= 0.004279048073
