Cext	= 718.4050826
Qext	= 0.06241720886
Cabs	= 213.1488179
Qabs	= 0.0185190147
