Cext	= 1153237.648
Qext	= 3.637647383
Cabs	= 50139.0038
Qabs	= 0.1581530193
