Cext	= 5987.549349
Qext	= 0.2312072966
Cabs	= 800.8100254
Qabs	= 0.03092302214
