Cext	= 0.002514911855
Qext	= 3.14644546e-05
Cabs	= 0.002514851847
Qabs	= 3.146370383e-05
