Cext	= 1.86331348e-07
Qext	= 1.487142667e-06
Cabs	= 1.863303982e-07
Qabs	= 1.487135086e-06
