Cext	= 165718.4369
Qext	= 1.176129472
Cabs	= 11473.26718
Qabs	= 0.08142755823
