Cext	= 15.93914428
Qext	= 0.000803263171
Cabs	= 15.00333193
Qabs	= 0.0007561023211
