Cext	= 0.7485507751
Qext	= 0.0005853272211
Cabs	= 0.7434157282
Qabs	= 0.0005813118854
