Cext	= 6461.240641
Qext	= 0.2512783173
Cabs	= 1115.576483
Qabs	= 0.04338488488
