Cext	= 6.1474817e-07
Qext	= 2.779390716e-05
Cabs	= 6.147423159e-07
Qabs	= 2.779364248e-05
