Cext	= 3.938272922e-05
Qext	= 1.964502269e-05
Cabs	= 3.93823654e-05
Qabs	= 1.964484121e-05
