Cext	= 1702000.651
Qext	= 6.018029181
Cabs	= 80507.86456
Qabs	= 0.2846642143
