Cext	= 246268.3104
Qext	= 1.848958149
Cabs	= 14721.84944
Qabs	= 0.1105301915
