Cext	= 436098.2981
Qext	= 0.1934410825
Cabs	= 12415.49775
Qabs	= 0.005507169676
