Cext	= 1.185875357e-06
Qext	= 3.797867342e-05
Cabs	= 1.185869673e-06
Qabs	= 3.79784914e-05
