Cext	= 1.444828795e-05
Qext	= 5.618954141e-06
Cabs	= 1.444817578e-05
Qabs	= 5.618910517e-06
