Cext = 1.6562443636e-05
Qext = 8.1032671600e-06
Cabs = 1.6562294715e-05
Qabs = 8.1031942995e-06
