Cext	= 107.4134005
Qext	= 0.02165266271
Cabs	= 72.20547015
Qabs	= 0.01455535979
