Cext	= 1.067417092e-06
Qext	= 2.129810038e-06
Cabs	= 1.06740771e-06
Qabs	= 2.129791316e-06
