Cext	= 6.66344131e-05
Qext	= 2.591419223e-05
Cabs	= 6.663386013e-05
Qabs	= 2.591397718e-05
