Cext	= 37.11487629
Qext	= 0.003247653106
Cabs	= 31.75765608
Qabs	= 0.002778881697
