Cext = 2.9824570157e+01
Qext = 5.8367343662e-03
Cabs = 1.9592351383e+01
Qabs = 3.8342665155e-03
