Cext	= 1.108452727e-09
Qext	= 3.467006254e-06
Cabs	= 1.108462759e-09
Qabs	= 3.467037631e-06
