Cext	= 0.001161294179
Qext	= 2.324465011e-05
Cabs	= 0.001161274421
Qabs	= 2.324425462e-05
