Cext	= 0.000148237281
Qext	= 0.0001898970327
Cabs	= 0.0001482363486
Qabs	= 0.0001898958382
