Cext	= 104.9226829
Qext	= 0.01536974829
Cabs	= 57.32892858
Qabs	= 0.008397909563
