Cext = 3.0810583722e-06
Qext = 2.1706917851e-06
Cabs = 3.0810611854e-06
Qabs = 2.1706937673e-06
