Cext	= 0.006385266534
Qext	= 4.772218578e-05
Cabs	= 0.006384964403
Qabs	= 4.771992771e-05
