Cext	= 8.445593661e-09
Qext	= 6.740574151e-06
Cabs	= 8.445554293e-09
Qabs	= 6.740542731e-06
