Cext	= 1.536862299e-07
Qext	= 1.239218229e-06
Cabs	= 1.536849448e-07
Qabs	= 1.239207867e-06
