Cext	= 0.0002664423298
Qext	= 0.0001741437488
Cabs	= 0.0002664389464
Qabs	= 0.0001741415374
