Cext	= 8333201.32
Qext	= 4.149537827
Cabs	= 125456.9925
Qabs	= 0.06247161398
