Cext	= 11.05564674
Qext	= 0.0005403082865
Cabs	= 10.34707477
Qabs	= 0.0005056791673
