Cext	= 5914.654265
Qext	= 0.04197721948
Cabs	= 852.491629
Qabs	= 0.006050265428
