Cext	= 7.767740885e-07
Qext	= 2.487685511e-05
Cabs	= 7.767677308e-07
Qabs	= 2.48766515e-05
