Cext = 3.2585294466e-09
Qext = 6.3770142240e-07
Cabs = 3.2585325498e-09
Qabs = 6.3770202943e-07
