Cext	= 0.687388757
Qext	= 0.002150006997
Cabs	= 0.6809149495
Qabs	= 0.002129758293
