Cext	= 1.697946191e-05
Qext	= 6.692149026e-06
Cabs	= 1.697937368e-05
Qabs	= 6.692114252e-06
