Cext	= 4.503363704e-06
Qext	= 3.594212343e-05
Cabs	= 4.503324734e-06
Qabs	= 3.59418124e-05
