Cext	= 4.020812526e-06
Qext	= 4.09023914e-06
Cabs	= 4.020771941e-06
Qabs	= 4.090197854e-06
