Cext	= 3416916.742
Qext	= 6.805847947
Cabs	= 191234.304
Qabs	= 0.3809023438
