Cext	= 12002395.97
Qext	= 3.823218538
Cabs	= 2980922.911
Qabs	= 0.9495370562
