Cext	= 0.003886024131
Qext	= 0.0001360150926
Cabs	= 0.003885920822
Qabs	= 0.0001360114767
