Cext	= 0.0008080944524
Qext	= 0.0003120430795
Cabs	= 0.0008080968317
Qabs	= 0.0003120439983
