Cext	= 0.6754587433
Qext	= 0.0005408036114
Cabs	= 0.6707946023
Qabs	= 0.0005370692837
