Cext	= 3821032.413
Qext	= 1.217723114
Cabs	= 66263.74805
Qabs	= 0.02111756429
