Cext	= 0.0007673426628
Qext	= 0.0003055463876
Cabs	= 0.0007673396692
Qabs	= 0.0003055451956
