Cext	= 51.0645875
Qext	= 0.01774658393
Cabs	= 39.26879789
Qabs	= 0.01364716826
