Cext	= 0.002326914169
Qext	= 3.408613284e-05
Cabs	= 0.002326859149
Qabs	= 3.408532688e-05
