Cext	= 2376670.749
Qext	= 0.7574201402
Cabs	= 36029.23654
Qabs	= 0.01148214131
