Cext	= 744540.6019
Qext	= 0.3705694262
Cabs	= 15958.64544
Qabs	= 0.007942865798
