Cext	= 224227.2376
Qext	= 1.591375513
Cabs	= 14440.84135
Qabs	= 0.1024888928
