Cext	= 0.1057276681
Qext	= 0.001350129244
Cabs	= 0.1056079434
Qabs	= 0.001348600375
