Cext	= 33.57682695
Qext	= 0.001057703083
Cabs	= 29.71655949
Qabs	= 0.0009361008605
