Cext = 3.5914050603e-03
Qext = 1.7571147911e-05
Cabs = 3.5911219428e-03
Qabs = 1.7569762741e-05
