Cext	= 7081.697178
Qext	= 0.2754079363
Cabs	= 884.3539674
Qabs	= 0.03439261733
