Cext	= 7.291407951e-07
Qext	= 6.675576589e-06
Cabs	= 7.291334472e-07
Qabs	= 6.675509316e-06
