Cext	= 1.585544712e-10
Qext	= 1.248655459e-07
Cabs	= 1.585532559e-10
Qabs	= 1.248645888e-07
