Cext = 3.5912351451e-06
Qext = 1.7570316589e-06
Cabs = 3.5912042163e-06
Qabs = 1.7570165268e-06
