Cext	= 6.694568471e-07
Qext	= 5.359982148e-06
Cabs	= 6.694512477e-07
Qabs	= 5.359937317e-06
