Cext	= 16299.62892
Qext	= 0.5257152131
Cabs	= 1982.618038
Qabs	= 0.06394577874
