Cext	= 0.0004463507811
Qext	= 0.0001764785907
Cabs	= 0.0004463440164
Qabs	= 0.0001764759161
