Cext	= 97.61714167
Qext	= 0.01953920327
Cabs	= 54.46236499
Qabs	= 0.01090127412
