Cext	= 2.137203711
Qext	= 0.0007581063066
Cabs	= 2.086775989
Qabs	= 0.0007402186461
