Cext	= 0.5427012565
Qext	= 0.002734977014
Cabs	= 0.5404751018
Qabs	= 0.002723758167
