Cext = 1.0618932461e+01
Qext = 7.4813348790e-04
Cabs = 8.4457813189e+00
Qabs = 5.9502891252e-04
