Cext	= 0.01914350887
Qext	= 0.0001715109572
Cabs	= 0.01913992219
Qabs	= 0.0001714788233
