Cext = 8.5125589997e-06
Qext = 2.3427093242e-06
Cabs = 8.5124848683e-06
Qabs = 2.3426889228e-06
