Cext	= 9.210631795e-06
Qext	= 1.813399771e-05
Cabs	= 9.210583493e-06
Qabs	= 1.813390261e-05
