Cext	= 8.284155094e-07
Qext	= 2.879009914e-06
Cabs	= 8.284235062e-07
Qabs	= 2.879037705e-06
