Cext = 7.1361274675e-05
Qext = 7.8556271287e-05
Cabs = 7.1362018351e-05
Qabs = 7.8557089984e-05
