Cext	= 0.5455187926
Qext	= 0.000189585298
Cabs	= 0.5435434929
Qabs	= 0.0001888988179
