Cext	= 0.0001489193309
Qext	= 1.363416237e-05
Cabs	= 0.0001489177018
Qabs	= 1.363401322e-05
