Cext	= 0.0003450372616
Qext	= 0.0001974346623
Cabs	= 0.0003450326952
Qabs	= 0.0001974320493
