Cext	= 8.982923553e-06
Qext	= 5.871139108e-06
Cabs	= 8.982876234e-06
Qabs	= 5.871108181e-06
