Cext	= 1.676112996e-09
Qext	= 3.354934592e-07
Cabs	= 1.676104243e-09
Qabs	= 3.354917071e-07
