Cext = 5.1934517986e+02
Qext = 2.5409250187e-02
Cabs = 1.1349930092e+02
Qabs = 5.5530160772e-03
