Cext	= 4.342954615e-05
Qext	= 8.489903561e-05
Cabs	= 4.34292195e-05
Qabs	= 8.489839705e-05
