Cext	= 4.51675378e-07
Qext	= 2.973056511e-05
Cabs	= 4.516762625e-07
Qabs	= 2.973062333e-05
