Cext	= 0.003919520657
Qext	= 3.48683345e-05
Cabs	= 0.003919373402
Qabs	= 3.486702451e-05
