Cext	= 4.750596505e-08
Qext	= 2.321697425e-06
Cabs	= 4.750562983e-08
Qabs	= 2.321681042e-06
