Cext	= 1.749573908e-05
Qext	= 6.269928833e-05
Cabs	= 1.74955915e-05
Qabs	= 6.269875945e-05
