Cext	= 6.76405807e-05
Qext	= 2.611919317e-05
Cabs	= 6.764006083e-05
Qabs	= 2.611899242e-05
