Cext	= 0.0007291510804
Qext	= 6.675670755e-05
Cabs	= 0.0007291399006
Qabs	= 6.6755684e-05
