Cext	= 1.340890404e-08
Qext	= 6.709869222e-07
Cabs	= 1.340883402e-08
Qabs	= 6.709834179e-07
