Cext	= 8675856.824
Qext	= 7.298339563
Cabs	= 562660.0425
Qabs	= 0.4733231694
