Cext	= 6.100452908e-05
Qext	= 2.412002796e-05
Cabs	= 6.100398062e-05
Qabs	= 2.41198111e-05
