Cext	= 1171555.027
Qext	= 0.3325883157
Cabs	= 24845.14913
Qabs	= 0.007053195208
