Cext = 4.5545437270e-05
Qext = 5.0137553496e-05
Cabs = 4.5544963405e-05
Qabs = 5.0137031849e-05
