Cext	= 2703498.665
Qext	= 4.796787426
Cabs	= 96108.27873
Qabs	= 0.1705238434
