Cext	= 0.09122283878
Qext	= 0.000334072679
Cabs	= 0.09116202338
Qabs	= 0.0003338499633
