Cext	= 4.666500715e-08
Qext	= 2.670230422e-06
Cabs	= 4.666453712e-08
Qabs	= 2.670203526e-06
