Cext	= 3.126194992e-05
Qext	= 2.336454671e-05
Cabs	= 3.126162799e-05
Qabs	= 2.336430611e-05
