Cext	= 0.0001140402396
Qext	= 3.640699386e-05
Cabs	= 0.0001140395642
Qabs	= 3.640677822e-05
