Cext	= 2.524949172
Qext	= 0.0003181535323
Cabs	= 2.482868079
Qabs	= 0.0003128511489
