Cext	= 5.396991203e-05
Qext	= 0.0001235290508
Cabs	= 5.396936404e-05
Qabs	= 0.0001235277965
