Cext	= 0.000562951887
Qext	= 0.0001797206491
Cabs	= 0.0005629414872
Qabs	= 0.000179717329
