Cext	= 0.1490727215
Qext	= 0.0001364820589
Cabs	= 0.1489418937
Qabs	= 0.0001363622808
