Cext	= 3.918440484e-05
Qext	= 7.84321317e-05
Cabs	= 3.918406091e-05
Qabs	= 7.843144329e-05
