Cext	= 1.451583813e-07
Qext	= 1.162205355e-06
Cabs	= 1.451571677e-07
Qabs	= 1.162195638e-06
