Cext	= 912302.4761
Qext	= 1.0959163
Cabs	= 29172.0026
Qabs	= 0.03504328224
