Cext	= 1559394.318
Qext	= 5.520053149
Cabs	= 81164.95096
Qabs	= 0.2873133741
