Cext	= 5.734664759
Qext	= 0.005250315724
Cabs	= 5.432839081
Qabs	= 0.004973982203
