Cext	= 15383414.63
Qext	= 8.912529119
Cabs	= 317886.1489
Qabs	= 0.1841703956
