Cext	= 6.348844437e-06
Qext	= 5.555412389e-06
Cabs	= 6.348811262e-06
Qabs	= 5.555383361e-06
