Cext	= 2695899.808
Qext	= 0.8588821342
Cabs	= 36500.30987
Qabs	= 0.01162857164
