Cext	= 81075.7193
Qext	= 0.6724990103
Cabs	= 5495.877885
Qabs	= 0.04558667465
