Cext	= 59.36996269
Qext	= 0.01358889585
Cabs	= 37.0796955
Qabs	= 0.008486987318
