Cext	= 5.026014799e-10
Qext	= 2.045119221e-07
Cabs	= 5.025964185e-10
Qabs	= 2.045098625e-07
