Cext	= 2.463250625e-08
Qext	= 2.184403181e-06
Cabs	= 2.463238082e-08
Qabs	= 2.184392057e-06
