Cext	= 737091.0497
Qext	= 0.2583333137
Cabs	= 17872.14104
Qabs	= 0.006263770834
