Cext	= 0.4099214935
Qext	= 0.002679201373
Cabs	= 0.4082318656
Qabs	= 0.002668158153
