Cext	= 2831879.826
Qext	= 2.505725495
Cabs	= 57678.21602
Qabs	= 0.05103527878
