Cext = 8.9120856718e-04
Qext = 1.5697033960e-04
Cabs = 8.9120134353e-04
Qabs = 1.5696906726e-04
