Cext	= 3.977082455e-07
Qext	= 1.99014797e-05
Cabs	= 3.977049929e-07
Qabs	= 1.990131693e-05
