Cext	= 62257.30478
Qext	= 0.2094893725
Cabs	= 3487.668312
Qabs	= 0.01173564209
