Cext	= 169.5703355
Qext	= 0.0216539221
Cabs	= 78.92958652
Qabs	= 0.01007921057
