Cext	= 6.908838625e-07
Qext	= 2.731623099e-05
Cabs	= 6.908805226e-07
Qabs	= 2.731609894e-05
