Cext	= 4.503354803e-09
Qext	= 3.594205238e-06
Cabs	= 4.503316188e-09
Qabs	= 3.594174419e-06
