Cext	= 15.16129073
Qext	= 0.001542307789
Cabs	= 13.16997679
Qabs	= 0.001339738031
