Cext	= 337216.0931
Qext	= 0.1953693845
Cabs	= 12454.00827
Qabs	= 0.007215349386
