Cext	= 0.01698284155
Qext	= 6.693481048e-05
Cabs	= 0.01698105529
Qabs	= 6.692777027e-05
