Cext	= 3.068205369e-08
Qext	= 9.596699021e-07
Cabs	= 3.068234997e-08
Qabs	= 9.59679169e-07
