Cext = 1.2115642920e-07
Qext = 5.9276453137e-06
Cabs = 1.2115541539e-07
Qabs = 5.9275957131e-06
