Cext	= 7954700.757
Qext	= 3.959178166
Cabs	= 1416319.728
Qabs	= 0.7049243355
