Cext	= 9.140533578e-05
Qext	= 2.879358005e-05
Cabs	= 9.140455563e-05
Qabs	= 2.87933343e-05
