Cext	= 2947073.12
Qext	= 2.608063924
Cabs	= 588584.2632
Qabs	= 0.5208779424
