Cext	= 1.425492249e-08
Qext	= 1.82033597e-06
Cabs	= 1.42548499e-08
Qabs	= 1.820326701e-06
