Cext	= 26.79355931
Qext	= 0.0008553760958
Cabs	= 23.5798556
Qabs	= 0.0007527795984
