Cext = 1.3300863568e-07
Qext = 5.8567689658e-07
Cabs = 1.3300749916e-07
Qabs = 5.8567189201e-07
