Cext	= 9.275689173
Qext	= 0.007304833369
Cabs	= 8.685281618
Qabs	= 0.006839872897
