Cext	= 0.4388619445
Qext	= 0.002160091097
Cabs	= 0.4359088335
Qabs	= 0.0021455558
