Cext	= 0.05270026794
Qext	= 0.00106234522
Cabs	= 0.0526574277
Qabs	= 0.001061481636
