Cext	= 0.105610117
Qext	= 0.001547044805
Cabs	= 0.1054779779
Qabs	= 0.001545109147
