Cext	= 1.749567683e-08
Qext	= 6.269906524e-06
Cabs	= 1.749553357e-08
Qabs	= 6.269855185e-06
