Cext	= 19.65232809
Qext	= 0.007996664456
Cabs	= 15.46221477
Qabs	= 0.006291679172
