Cext = 1.6567144309e-02
Qext = 8.1055669912e-05
Cabs = 1.6559522297e-02
Qabs = 8.1018378790e-05
