Cext	= 6.746206203e-09
Qext	= 6.17642251e-06
Cabs	= 6.746142009e-09
Qabs	= 6.176363738e-06
