Cext	= 2.097288876e-08
Qext	= 7.463052395e-06
Cabs	= 2.097271737e-08
Qabs	= 7.462991406e-06
