Cext	= 1.357024e-08
Qext	= 6.13535768e-07
Cabs	= 1.357010334e-08
Qabs	= 6.135295895e-07
