Cext	= 6.008704586
Qext	= 0.001211249742
Cabs	= 5.707692721
Qabs	= 0.001150571015
