Cext	= 1.030072406e-08
Qext	= 5.034139293e-07
Cabs	= 1.030065136e-08
Qabs	= 5.034103764e-07
