Cext	= 0.009617247956
Qext	= 0.0001228110668
Cabs	= 0.009616084964
Qabs	= 0.0001227962156
