Cext	= 1.881138297e-09
Qext	= 3.703606694e-07
Cabs	= 1.881128521e-09
Qabs	= 3.703587446e-07
