Cext	= 0.2293047252
Qext	= 0.002033467345
Cabs	= 0.2286823647
Qabs	= 0.002027948272
