Cext	= 6.663411363e-08
Qext	= 2.591407576e-06
Cabs	= 6.6633603e-08
Qabs	= 2.591387718e-06
