Cext	= 3.598932518e-08
Qext	= 8.237417871e-06
Cabs	= 3.598951535e-08
Qabs	= 8.237461397e-06
