Cext	= 1.864286306e-09
Qext	= 3.758075097e-07
Cabs	= 1.864290288e-09
Qabs	= 3.758083125e-07
