Cext	= 1932462585
Qext	= 8.571866845
Cabs	= 465608213.4
Qabs	= 2.065308606
