Cext	= 26662098.87
Qext	= 9.885254555
Cabs	= 851140.7439
Qabs	= 0.315569414
