Cext = 1.3300866488e-10
Qext = 5.8567702496e-08
Cabs = 1.3300752874e-10
Qabs = 5.8567202227e-08
