Cext	= 9857.960617
Qext	= 0.07854072674
Cabs	= 1600.712905
Qabs	= 0.01275326203
