Cext	= 66.58008236
Qext	= 0.01332677582
Cabs	= 42.01534604
Qabs	= 0.008409858892
