Cext	= 138748.3608
Qext	= 0.1228268144
Cabs	= 6037.545037
Qabs	= 0.005344729259
