Cext	= 0.0007312577088
Qext	= 5.758834317e-05
Cabs	= 0.0007312470015
Qabs	= 5.758749995e-05
