Cext	= 0.0001282302655
Qext	= 4.10668402e-05
Cabs	= 0.0001282294942
Qabs	= 4.106659318e-05
