Cext	= 0.8761603054
Qext	= 0.00274044457
Cabs	= 0.8648611433
Qabs	= 0.002705103176
