Cext	= 6.071680169e-07
Qext	= 3.038293045e-05
Cabs	= 6.071651104e-07
Qabs	= 3.0382785e-05
