Cext	= 337259.0282
Qext	= 0.671542376
Cabs	= 9873.569445
Qabs	= 0.0196600231
