Cext	= 3418.438709
Qext	= 0.1251887129
Cabs	= 736.8506427
Qabs	= 0.02698465335
