Cext	= 3179.135586
Qext	= 0.1602145314
Cabs	= 536.5691048
Qabs	= 0.02704073651
