Cext	= 38.38754284
Qext	= 0.003335225957
Cabs	= 32.9939421
Qabs	= 0.002866613593
