Cext	= 1.451583759e-10
Qext	= 1.162205311e-07
Cabs	= 1.451571624e-10
Qabs	= 1.162195596e-07
