Cext	= 2.351422868e-10
Qext	= 1.851803344e-07
Cabs	= 2.351410648e-10
Qabs	= 1.85179372e-07
