Cext	= 0.1327350151
Qext	= 0.001180820134
Cabs	= 0.1324597425
Qabs	= 0.001178371289
