Cext	= 6.644310081e-05
Qext	= 3.004016059e-05
Cabs	= 6.644239973e-05
Qabs	= 3.003984362e-05
