Cext	= 7462466.39
Qext	= 8.964393686
Cabs	= 249199.1383
Qabs	= 0.2993540024
