Cext	= 7.087865019e-07
Qext	= 5.715158437e-06
Cabs	= 7.087805725e-07
Qabs	= 5.715110626e-06
