Cext	= 0.03205043374
Qext	= 0.001140491751
Cabs	= 0.03203983475
Qabs	= 0.001140114594
