Cext	= 95.74989295
Qext	= 0.003773809536
Cabs	= 58.51239616
Qabs	= 0.002306160684
