Cext	= 8.435988591e-07
Qext	= 2.693163271e-05
Cabs	= 8.4359488e-07
Qabs	= 2.693150568e-05
