Cext	= 2.329141733e-11
Qext	= 7.435712959e-08
Cabs	= 2.329129863e-11
Qabs	= 7.435675065e-08
