Cext	= 3.590531392e-05
Qext	= 0.0001256725237
Cabs	= 3.590513132e-05
Qabs	= 0.0001256718846
