Cext	= 0.008869705117
Qext	= 0.0006935641537
Cabs	= 0.00886919119
Qabs	= 0.0006935239674
