Cext	= 1.921077814e-11
Qext	= 6.196090951e-08
Cabs	= 1.921061752e-11
Qabs	= 6.196039145e-08
