Cext	= 1.641695914e-09
Qext	= 2.404861587e-07
Cabs	= 1.641704743e-09
Qabs	= 2.40487452e-07
