Cext = 2.0704054036e-03
Qext = 4.0518291824e-05
Cabs = 2.0702708000e-03
Qabs = 4.0515657626e-05
