Cext	= 17002546.1
Qext	= 5.106137467
Cabs	= 2535449.26
Qabs	= 0.761436104
