Cext	= 0.2857427736
Qext	= 0.002560033112
Cabs	= 0.2850521374
Qabs	= 0.002553845549
