Cext	= 0.6204950992
Qext	= 0.002805373651
Cabs	= 0.6160471473
Qabs	= 0.002785263634
