Cext	= 945.3353192
Qext	= 0.06159089335
Cabs	= 239.8020054
Qabs	= 0.01562368341
