Cext	= 9149260.947
Qext	= 4.5558967
Cabs	= 1616665.381
Qabs	= 0.8050224513
