Cext	= 0.0002269404698
Qext	= 0.0001298581921
Cabs	= 0.000226940743
Qabs	= 0.0001298583485
