Cext	= 3371.154591
Qext	= 0.1681610435
Cabs	= 520.8306994
Qabs	= 0.02598024847
