Cext	= 3.101224751e-05
Qext	= 1.774559822e-05
Cabs	= 3.101240282e-05
Qabs	= 1.774568709e-05
