Cext	= 4.284538595e-05
Qext	= 2.144000252e-05
Cabs	= 4.284500883e-05
Qabs	= 2.143981381e-05
