Cext	= 1635.623887
Qext	= 0.1069025614
Cabs	= 344.3731734
Qabs	= 0.0225078483
