Cext	= 0.0002872486584
Qext	= 0.0002513504263
Cabs	= 0.0002872465453
Qabs	= 0.0002513485773
