Cext	= 0.04668738248
Qext	= 0.0002671510766
Cabs	= 0.04667120727
Qabs	= 0.0002670585201
