Cext	= 18848.72812
Qext	= 0.03344308736
Cabs	= 2182.293317
Qabs	= 0.003872018609
