Cext	= 12168238.02
Qext	= 10.15088101
Cabs	= 439355.968
Qabs	= 0.36651569
