Cext = 1.4799109698e+02
Qext = 1.0426386642e-02
Cabs = 4.2116214992e+01
Qabs = 2.9672051234e-03
