Cext	= 7.368662624
Qext	= 0.005941573979
Cabs	= 6.705237933
Qabs	= 0.005406634726
