Cext	= 1.814481615e-05
Qext	= 5.811032695e-06
Cabs	= 1.814466202e-05
Qabs	= 5.810983332e-06
