Cext	= 1.339560896
Qext	= 0.004320512726
Cabs	= 1.324738014
Qabs	= 0.004272704189
