Cext	= 1051.474523
Qext	= 0.09420394303
Cabs	= 343.3515205
Qabs	= 0.030761627
