Cext	= 9181194.457
Qext	= 5.674365361
Cabs	= 943217.8828
Qabs	= 0.5829484287
