Cext	= 1095.669272
Qext	= 0.09519506399
Cabs	= 353.8168577
Qabs	= 0.03074067993
