Cext	= 5473809.744
Qext	= 3.554927066
Cabs	= 955239.3995
Qabs	= 0.6203734794
