Cext	= 0.09290091476
Qext	= 0.0002905744598
Cabs	= 0.09282009251
Qabs	= 0.0002903216649
