Cext = 6.1829262135e-02
Qext = 1.7015798527e-04
Cabs = 6.1769921375e-02
Qabs = 1.6999467585e-04
