Cext	= 2.077575025e-08
Qext	= 1.552737396e-06
Cabs	= 2.077586196e-08
Qabs	= 1.552745745e-06
