Cext	= 8.43598349e-10
Qext	= 2.693161643e-06
Cabs	= 8.435943775e-10
Qabs	= 2.693148964e-06
