Cext	= 6.686124104e-07
Qext	= 2.106194874e-05
Cabs	= 6.686073989e-07
Qabs	= 2.106179087e-05
