Cext = 1.4371540703e+03
Qext = 3.9551376278e-02
Cabs = 1.5280172639e+02
Qabs = 4.2051988050e-03
