Cext	= 1.491429051e-08
Qext	= 7.516150228e-07
Cabs	= 1.491432237e-08
Qabs	= 7.516166284e-07
