Cext	= 0.3696929332
Qext	= 0.001844114465
Cabs	= 0.3671344215
Qabs	= 0.001831352013
