Cext	= 0.0008284247047
Qext	= 2.87904187e-05
Cabs	= 0.000828429862
Qabs	= 2.879059794e-05
