Cext	= 3445882.966
Qext	= 6.113991583
Cabs	= 120516.9206
Qabs	= 0.2138318235
