Cext	= 108854039.6
Qext	= 7.725540172
Cabs	= 8264257.144
Qabs	= 0.5865271586
