Cext	= 1462.351794
Qext	= 0.09625617721
Cabs	= 438.0455989
Qabs	= 0.02883341407
