Cext = 4.8530873191e+00
Qext = 2.1369598335e-03
Cabs = 4.1110210997e+00
Qabs = 1.8102058316e-03
