Cext	= 33.1323358
Qext	= 0.002947476155
Cabs	= 28.32577681
Qabs	= 0.002519881249
