Cext	= 1.42549477e-05
Qext	= 1.820339189e-05
Cabs	= 1.425487363e-05
Qabs	= 1.82032973e-05
