Cext	= 59.0455327
Qext	= 0.002945328708
Cabs	= 40.73377918
Qabs	= 0.002031895788
