Cext	= 1062.867775
Qext	= 0.06832934818
Cabs	= 276.8548378
Qabs	= 0.01779836688
