Cext	= 1.300120377
Qext	= 0.0002541563889
Cabs	= 1.289035143
Qabs	= 0.0002519893719
