Cext	= 1.570922103e-05
Qext	= 7.67736388e-06
Cabs	= 1.570937171e-05
Qabs	= 7.677437517e-06
