Cext = 4.0890296389e-07
Qext = 8.8914683071e-06
Cabs = 4.0889953755e-07
Qabs = 8.8913937978e-06
