Cext	= 3.126190898e-08
Qext	= 2.336451611e-06
Cabs	= 3.12615941e-08
Qabs	= 2.336428077e-06
