Cext	= 2.638325029e-08
Qext	= 1.718932872e-06
Cabs	= 2.638301867e-08
Qabs	= 1.718917781e-06
