Cext	= 5916686.66
Qext	= 7.107503842
Cabs	= 140520.752
Qabs	= 0.1688025481
