Cext	= 5057591.32
Qext	= 4.477226446
Cabs	= 1089096.374
Qabs	= 0.9641212149
