Cext	= 0.0005623520352
Qext	= 0.0002059423424
Cabs	= 0.0005623488479
Qabs	= 0.0002059411751
