Cext	= 7.696052002e-07
Qext	= 3.033260251e-05
Cabs	= 7.696016058e-07
Qabs	= 3.033246084e-05
