Cext	= 9960.600193
Qext	= 0.3115465577
Cabs	= 1477.498894
Qabs	= 0.04621304797
