Cext	= 8.482364533e-05
Qext	= 0.0001061241861
Cabs	= 8.4822958e-05
Qabs	= 0.0001061233262
