Cext	= 16393181.26
Qext	= 7.692399102
Cabs	= 1314928.982
Qabs	= 0.617022307
