Cext = 4.4890448395e-07
Qext = 8.7851600762e-07
Cabs = 4.4890064557e-07
Qabs = 8.7850849536e-07
