Cext	= 8944893.02
Qext	= 7.05369937
Cabs	= 199014.6527
Qabs	= 0.1569375427
