Cext	= 0.04579312007
Qext	= 0.0009137069987
Cabs	= 0.04575284453
Qabs	= 0.0009129033836
