Cext = 8.9200933366e-09
Qext = 3.9277845058e-06
Cabs = 8.9202025699e-09
Qabs = 3.9278326033e-06
