Cext	= 8.709318541
Qext	= 0.001743271135
Cabs	= 8.289201594
Qabs	= 0.001659179855
