Cext	= 7.368498281e-08
Qext	= 3.62679602e-06
Cabs	= 7.36846001e-08
Qabs	= 3.626777183e-06
