Cext	= 9.128182593e-06
Qext	= 1.840081944e-05
Cabs	= 9.128201663e-06
Qabs	= 1.840085788e-05
