Cext	= 6.540889923
Qext	= 0.0004275053039
Cabs	= 6.251721735
Qabs	= 0.0004086055921
