Cext	= 1.20184e-06
Qext	= 9.397754843e-06
Cabs	= 1.201851596e-06
Qabs	= 9.397845522e-06
