Cext	= 0.002460943137
Qext	= 0.0001001374312
Cabs	= 0.002460874662
Qabs	= 0.0001001346449
