Cext	= 8.86763727e-06
Qext	= 6.934024591e-05
Cabs	= 8.867716931e-06
Qabs	= 6.934086881e-05
