Cext	= 0.1504159737
Qext	= 0.000470469429
Cabs	= 0.1503018335
Qabs	= 0.0004701124222
