Cext	= 1.161267188e-06
Qext	= 2.324410984e-06
Cabs	= 1.16125747e-06
Qabs	= 2.324391533e-06
