Cext	= 0.0001444227644
Qext	= 0.0001263738658
Cabs	= 0.0001444213829
Qabs	= 0.0001263726569
