Cext	= 0.008207921819
Qext	= 0.0001642910765
Cabs	= 0.008207460452
Qabs	= 0.0001642818417
