Cext	= 3.610251645e-07
Qext	= 2.376370881e-05
Cabs	= 3.610258783e-07
Qabs	= 2.376375579e-05
