Cext	= 22.69061139
Qext	= 0.0007147765828
Cabs	= 19.99425466
Qabs	= 0.0006298386929
