Cext = 3.4490522732e+02
Qext = 1.6874679029e-02
Cabs = 6.7615280581e+01
Qabs = 3.3081150024e-03
