Cext	= 0.2931016605
Qext	= 0.001884283811
Cabs	= 0.2917758692
Qabs	= 0.0018757606
