Cext	= 80539.1027
Qext	= 0.2687465012
Cabs	= 5432.463544
Qabs	= 0.01812728875
