Cext	= 3.108585159e-08
Qext	= 2.720096969e-06
Cabs	= 3.108569015e-08
Qabs	= 2.720082842e-06
