Cext	= 4.020811843e-09
Qext	= 4.090238446e-07
Cabs	= 4.020771352e-09
Qabs	= 4.090197256e-07
