Cext	= 561375.7381
Qext	= 0.2634220995
Cabs	= 13550.65786
Qabs	= 0.006358562545
