Cext	= 1.50229978e-07
Qext	= 4.698876735e-06
Cabs	= 1.502314284e-07
Qabs	= 4.6989221e-06
