Cext	= 0.004504574651
Qext	= 0.000359517882
Cabs	= 0.004504179263
Qabs	= 0.0003594863254
