Cext	= 0.0004852491964
Qext	= 0.000242820639
Cabs	= 0.0004852447011
Qabs	= 0.0002428183895
