Cext	= 1.241133356
Qext	= 0.0002501907751
Cabs	= 1.230973683
Qabs	= 0.0002481427628
