Cext	= 2.269370898e-07
Qext	= 1.298562581e-05
Cabs	= 2.269382869e-07
Qabs	= 1.29856943e-05
