Cext	= 2.077577455e-05
Qext	= 1.552739212e-05
Cabs	= 2.077588112e-05
Qabs	= 1.552747177e-05
