Cext	= 0.008505120836
Qext	= 0.0006697991851
Cabs	= 0.008504493561
Qabs	= 0.0006697497856
