Cext = 3.1325829774e+00
Qext = 2.2069923104e-04
Cabs = 3.0159694810e+00
Qabs = 2.1248348410e-04
