Cext	= 4.398281723e-05
Qext	= 2.874668105e-05
Cabs	= 4.398257568e-05
Qabs	= 2.874652318e-05
