Cext	= 7584704.907
Qext	= 3.775622243
Cabs	= 1453192.338
Qabs	= 0.7233907427
