Cext	= 437589.7948
Qext	= 0.4969028325
Cabs	= 14671.90979
Qabs	= 0.01666061142
