Cext	= 0.01491611598
Qext	= 7.517070182e-05
Cabs	= 0.01491521306
Qabs	= 7.516615154e-05
