Cext	= 0.6072181318
Qext	= 0.002417867735
Cabs	= 0.6017096658
Qabs	= 0.002395933703
