Cext = 7.6677911042e-08
Qext = 1.3505433158e-06
Cabs = 7.6677256055e-08
Qabs = 1.3505317794e-06
