Cext	= 1796629.701
Qext	= 6.35883035
Cabs	= 76106.94844
Qabs	= 0.2693661211
