Cext	= 1.974344064e-08
Qext	= 1.727605013e-06
Cabs	= 1.974328935e-08
Qabs	= 1.727591774e-06
