Cext	= 4.892144573e-05
Qext	= 3.220149467e-05
Cabs	= 4.892153782e-05
Qabs	= 3.220155528e-05
