Cext	= 0.0007865049895
Qext	= 2.818589308e-05
Cabs	= 0.0007865040701
Qabs	= 2.818586013e-05
