Cext	= 3.602684051e-08
Qext	= 7.188410894e-06
Cabs	= 3.602653158e-08
Qabs	= 7.188349252e-06
