Cext	= 2185504.201
Qext	= 0.8598732819
Cabs	= 43548.65041
Qabs	= 0.01713395057
