Cext	= 0.07604475472
Qext	= 0.001522123978
Cabs	= 0.07598568766
Qabs	= 0.001520941683
