Cext	= 0.05402685027
Qext	= 0.001236593739
Cabs	= 0.05399193772
Qabs	= 0.001235794643
