Cext	= 7.936052184e-10
Qext	= 2.777705018e-07
Cabs	= 7.93601094e-10
Qabs	= 2.777690582e-07
