Cext	= 0.3557906391
Qext	= 0.0001447736037
Cabs	= 0.3547194893
Qabs	= 0.0001443377456
