Cext	= 2753.680436
Qext	= 0.009188604764
Cabs	= 608.8738979
Qabs	= 0.002031717815
