Cext	= 0.4995056548
Qext	= 0.001928825056
Cabs	= 0.4960639228
Qabs	= 0.001915534919
