Cext	= 6533.985006
Qext	= 0.2043692646
Cabs	= 857.6006425
Qabs	= 0.02682393861
