Cext	= 6.748786914e-09
Qext	= 5.386323383e-06
Cabs	= 6.748755142e-09
Qabs	= 5.386298025e-06
