Cext	= 6.577081387e-06
Qext	= 5.303298254e-05
Cabs	= 6.577026825e-06
Qabs	= 5.303254259e-05
