Cext	= 1.92827292e-05
Qext	= 6.839946299e-05
Cabs	= 1.928255661e-05
Qabs	= 6.839885078e-05
