Cext	= 0.006747457786
Qext	= 0.0006177568384
Cabs	= 0.006746855639
Qabs	= 0.0006177017095
