Cext	= 91.69510542
Qext	= 0.01829586179
Cabs	= 59.30940723
Qabs	= 0.01183396554
