Cext	= 0.716772922
Qext	= 0.003502991352
Cabs	= 0.7125348096
Qabs	= 0.003482278975
