Cext	= 0.01750584898
Qext	= 0.0006273551906
Cabs	= 0.01750138293
Qabs	= 0.0006271951413
