Cext	= 0.06670247096
Qext	= 0.0002594066
Cabs	= 0.06665957153
Qabs	= 0.0002592397636
