Cext = 3.9283045304e-02
Qext = 1.0810939057e-04
Cabs = 3.9240699305e-02
Qabs = 1.0799285164e-04
