Cext	= 0.9208450052
Qext	= 0.0007349423011
Cabs	= 0.9147657086
Qabs	= 0.0007300903095
