Cext	= 1.281253614
Qext	= 0.0002522546838
Cabs	= 1.270219665
Qabs	= 0.0002500823072
