Cext	= 5.623331865e-10
Qext	= 2.059354396e-06
Cabs	= 5.623361583e-10
Qabs	= 2.05936528e-06
