Cext	= 0.003835400159
Qext	= 4.79852898e-05
Cabs	= 0.003835376273
Qabs	= 4.798499096e-05
