Cext	= 1.542609334e-07
Qext	= 1.367981277e-05
Cabs	= 1.542596089e-07
Qabs	= 1.367969532e-05
