Cext	= 5.510139827e-05
Qext	= 0.0001077159673
Cabs	= 5.510097085e-05
Qabs	= 0.0001077151318
