Cext	= 2.259417463e-06
Qext	= 8.039975372e-06
Cabs	= 2.259398528e-06
Qabs	= 8.039907992e-06
