Cext = 1.9637271062e+01
Qext = 4.2700637715e-04
Cabs = 1.6045137397e+01
Qabs = 3.4889654318e-04
