Cext	= 0.006589833735
Qext	= 4.337617024e-05
Cabs	= 0.006589487144
Qabs	= 4.337388888e-05
