Cext	= 0.0004874387176
Qext	= 0.0001895654218
Cabs	= 0.0004874316472
Qabs	= 0.0001895626721
