Cext	= 820631.2679
Qext	= 2.58851
Cabs	= 30817.96987
Qabs	= 0.09720885165
