Cext	= 839838.8605
Qext	= 0.3940892005
Cabs	= 21712.79461
Qabs	= 0.01018859483
