Cext	= 342816.9074
Qext	= 0.6818350567
Cabs	= 10199.32124
Qabs	= 0.02028562369
