Cext	= 9.278508569e-11
Qext	= 2.902121709e-07
Cabs	= 9.278443102e-11
Qabs	= 2.902101232e-07
