Cext	= 86.46205012
Qext	= 0.01978986917
Cabs	= 55.89077926
Qabs	= 0.01279256284
