Cext	= 9.140481622e-11
Qext	= 2.879341639e-07
Cabs	= 9.140411582e-11
Qabs	= 2.879319575e-07
