Cext	= 338205.9238
Qext	= 0.2199646835
Cabs	= 10239.76345
Qabs	= 0.006659807437
