Cext	= 4.209324746e-07
Qext	= 2.121315601e-05
Cabs	= 4.209290223e-07
Qabs	= 2.121298203e-05
