Cext = 5.7031505185e-03
Qext = 2.0500148112e-05
Cabs = 5.7024652667e-03
Qabs = 2.0497684946e-05
