Cext = 1.2115786036e-04
Qext = 5.9277153330e-05
Cabs = 1.2115624286e-04
Qabs = 5.9276361964e-05
