Cext	= 0.0001451590679
Qext	= 1.162210852e-05
Cabs	= 0.0001451576974
Qabs	= 1.162199879e-05
