Cext	= 2.123538633e-08
Qext	= 8.455669021e-07
Cabs	= 2.123543169e-08
Qabs	= 8.455687083e-07
