Cext	= 5.713381677e-06
Qext	= 4.559948583e-05
Cabs	= 5.713332017e-06
Qabs	= 4.559908949e-05
