Cext	= 0.07042724374
Qext	= 0.001031663487
Cabs	= 0.07033155603
Qabs	= 0.001030261792
