Cext	= 4.936333834e-05
Qext	= 3.173456578e-05
Cabs	= 4.936306856e-05
Qabs	= 3.173439235e-05
