Cext	= 0.04400822319
Qext	= 0.0002876328611
Cabs	= 0.04399597061
Qabs	= 0.0002875527796
