Cext	= 3.641185091e-06
Qext	= 4.697595032e-06
Cabs	= 3.641192813e-06
Qabs	= 4.697604996e-06
