Cext	= 69.58745066
Qext	= 0.003400857236
Cabs	= 48.65667393
Qabs	= 0.002377934528
