Cext	= 7.312386753e-07
Qext	= 5.758684424e-06
Cabs	= 7.312330669e-07
Qabs	= 5.758640257e-06
