Cext	= 1.05449809e-07
Qext	= 1.346581017e-05
Cabs	= 1.054493124e-07
Qabs	= 1.346574676e-05
