Cext	= 0.1550670615
Qext	= 0.001375129996
Cabs	= 0.1546112249
Qabs	= 0.001371087651
