Cext = 1.0640876237e-03
Qext = 1.1713742007e-05
Cabs = 1.0640563717e-03
Qabs = 1.1713397971e-05
