Cext	= 0.1388469881
Qext	= 0.001737136332
Cabs	= 0.1387031762
Qabs	= 0.001735337079
