Cext	= 0.04753866653
Qext	= 0.0002323295602
Cabs	= 0.04751731543
Qabs	= 0.0002322252137
