Cext	= 0.006579022016
Qext	= 0.0005304863041
Cabs	= 0.006578305497
Qabs	= 0.000530428529
