Cext	= 0.03923641001
Qext	= 0.0007853622609
Cabs	= 0.03921202538
Qabs	= 0.0007848741742
