Cext = 1.6626084297e-08
Qext = 2.9283853342e-07
Cabs = 1.6625942274e-08
Qabs = 2.9283603194e-07
