Cext	= 0.0003231257198
Qext	= 0.0001460911426
Cabs	= 0.0003231255508
Qabs	= 0.0001460910662
