Cext	= 11.97208257
Qext	= 0.009428309488
Cabs	= 10.94025261
Qabs	= 0.008615718018
