Cext = 2.4648459476e-11
Qext = 4.3413822493e-08
Cabs = 2.4648482939e-11
Qabs = 4.3413863835e-08
