Cext	= 0.0008405590387
Qext	= 1.923913831e-05
Cabs	= 0.0008405575235
Qabs	= 1.923910363e-05
