Cext	= 0.0489459286
Qext	= 0.0003221760999
Cabs	= 0.04893359538
Qabs	= 0.0003220949191
