Cext = 1.9323955564e-01
Qext = 6.9460546394e-04
Cabs = 1.9172381723e-01
Qabs = 6.8915709602e-04
