Cext	= 9.440071447
Qext	= 0.0006169925896
Cabs	= 9.033672737
Qabs	= 0.0005904308211
