Cext	= 5.206308022e-07
Qext	= 2.051972514e-05
Cabs	= 5.206263284e-07
Qabs	= 2.051954882e-05
