Cext	= 16.18611472
Qext	= 0.0006250216257
Cabs	= 14.74995312
Qabs	= 0.0005695647061
