Cext	= 4.536232953e-08
Qext	= 2.286063043e-06
Cabs	= 4.536195034e-08
Qabs	= 2.286043933e-06
