Cext	= 61128.25764
Qext	= 0.2163860847
Cabs	= 3208.681515
Qabs	= 0.0113583154
