Cext	= 3.273658199e-09
Qext	= 4.193668245e-07
Cabs	= 3.273641102e-09
Qabs	= 4.193646343e-07
