Cext	= 6.785827352e-07
Qext	= 2.122463619e-05
Cabs	= 6.785780392e-07
Qabs	= 2.122448931e-05
