Cext	= 13337.50861
Qext	= 0.02656577916
Cabs	= 1579.344925
Qabs	= 0.003145754559
