Cext	= 0.001676158032
Qext	= 3.355024737e-05
Cabs	= 0.001676135162
Qabs	= 3.354978959e-05
