Cext	= 1.921077829e-08
Qext	= 6.196090998e-07
Cabs	= 1.921061766e-08
Qabs	= 6.196039192e-07
