Cext	= 0.2281051014
Qext	= 0.00130524609
Cabs	= 0.2271849042
Qabs	= 0.001299980606
