Cext	= 0.0006288775889
Qext	= 2.230746951e-05
Cabs	= 0.0006288720529
Qabs	= 2.230727314e-05
