Cext = 5.7572484773e-01
Qext = 1.5844306852e-03
Cabs = 5.6749346120e-01
Qabs = 1.5617773961e-03
