Cext = 8.8956271385e-05
Qext = 6.2672180838e-05
Cabs = 8.8955173430e-05
Qabs = 6.2671407345e-05
