Cext	= 2.872406606e-07
Qext	= 2.51343428e-05
Cabs	= 2.872392921e-07
Qabs	= 2.513422305e-05
