Cext	= 9.278552256e-05
Qext	= 2.902135374e-05
Cabs	= 9.278478771e-05
Qabs	= 2.902112389e-05
