Cext	= 2.04706277e-07
Qext	= 1.821081597e-05
Cabs	= 2.047052883e-07
Qabs	= 1.821072802e-05
