Cext	= 0.004499465495
Qext	= 0.0004119441228
Cabs	= 0.004499095179
Qabs	= 0.0004119102189
