Cext	= 0.3159178266
Qext	= 0.001580865442
Cabs	= 0.3143740694
Qabs	= 0.001573140419
