Cext	= 22.85077624
Qext	= 0.002047251907
Cabs	= 19.42072422
Qabs	= 0.001739945912
