Cext	= 4.343258622e-07
Qext	= 2.13776437e-05
Cabs	= 4.343226048e-07
Qabs	= 2.137748337e-05
