Cext = 2.0783224159e-03
Qext = 1.4642362627e-05
Cabs = 2.0782201194e-03
Qabs = 1.4641641916e-05
