Cext	= 1.519882283e-08
Qext	= 5.391307987e-06
Cabs	= 1.51986925e-08
Qabs	= 5.391261758e-06
