Cext	= 4.756544053e-07
Qext	= 3.03621759e-05
Cabs	= 4.756586746e-07
Qabs	= 3.036244842e-05
