Cext = 3.8244905346e-07
Qext = 1.3747247614e-05
Cabs = 3.8245373312e-07
Qabs = 1.3747415830e-05
