Cext = 6.3263351035e+00
Qext = 2.7856749982e-03
Cabs = 5.0749062421e+00
Qabs = 2.2346333553e-03
