Cext	= 153.5708063
Qext	= 0.006071896949
Cabs	= 98.27482171
Qabs	= 0.003885599123
