Cext	= 3.674099301e-06
Qext	= 4.629509709e-06
Cabs	= 3.674080147e-06
Qabs	= 4.629485573e-06
