Cext = 3.8245851609e-04
Qext = 1.3747587763e-04
Cabs = 3.8245946029e-04
Qabs = 1.3747621695e-04
