Cext	= 10477513.97
Qext	= 8.740459995
Cabs	= 245008.3907
Qabs	= 0.2043887551
