Cext	= 13533480.1
Qext	= 4.098488102
Cabs	= 1491081.959
Qabs	= 0.4515602507
