Cext	= 9.989416705
Qext	= 0.0004998744079
Cabs	= 9.344865056
Qabs	= 0.0004676207856
