Cext	= 8.875267163e-05
Qext	= 0.0001734997691
Cabs	= 8.875340227e-05
Qabs	= 0.0001735011974
