Cext	= 5306662.788
Qext	= 3.451383664
Cabs	= 86727.08451
Qabs	= 0.05640615481
