Cext	= 48.35528527
Qext	= 0.01732903057
Cabs	= 37.45821343
Qabs	= 0.01342385888
