Cext	= 1.139283115e-05
Qext	= 1.668895059e-05
Cabs	= 1.139271546e-05
Qabs	= 1.668878112e-05
