Cext	= 8.221338898e-07
Qext	= 2.651644987e-05
Cabs	= 8.22127142e-07
Qabs	= 2.651623223e-05
