Cext	= 51.7112747
Qext	= 0.003369115213
Cabs	= 40.41480964
Qabs	= 0.002633123062
