Cext = 9.8553823218e+00
Qext = 4.3396202840e-03
Cabs = 8.0740316576e+00
Qabs = 3.5552381825e-03
