Cext	= 7.691909507e-11
Qext	= 2.455618325e-07
Cabs	= 7.691841982e-11
Qabs	= 2.455596767e-07
