Cext	= 0.0002222646318
Qext	= 0.0001463009371
Cabs	= 0.0002222621143
Qabs	= 0.00014629928
