Cext	= 1642540.58
Qext	= 5.480903301
Cabs	= 65867.70327
Qabs	= 0.2197903155
