Cext	= 0.05613494521
Qext	= 0.0002212457738
Cabs	= 0.05609776212
Qabs	= 0.0002210992233
