Cext	= 0.0002819997851
Qext	= 0.0001856203233
Cabs	= 0.000281996256
Qabs	= 0.0001856180004
