Cext	= 1.861486962e-11
Qext	= 6.817064066e-08
Cabs	= 1.861468216e-11
Qabs	= 6.816995416e-08
