Cext	= 0.01921471553
Qext	= 6.197360884e-05
Cabs	= 0.01921207721
Qabs	= 6.196509944e-05
