Cext	= 0.07053635793
Qext	= 0.0009007405661
Cabs	= 0.0704486086
Qabs	= 0.000899620018
