Cext	= 8.099850873e-08
Qext	= 1.044984484e-05
Cabs	= 8.099784542e-08
Qabs	= 1.044975926e-05
