Cext	= 2.2594164e-09
Qext	= 8.039971589e-07
Cabs	= 2.259397518e-09
Qabs	= 8.039904398e-07
