Cext	= 7.023305558
Qext	= 0.005623184313
Cabs	= 6.362182298
Qabs	= 0.005093858355
