Cext	= 1.053469981e-08
Qext	= 8.494444844e-06
Cabs	= 1.053472047e-08
Qabs	= 8.49446151e-06
