Cext	= 42.20768156
Qext	= 0.009660706575
Cabs	= 29.04594538
Qabs	= 0.006648182158
