Cext	= 8.28415443e-10
Qext	= 2.879009683e-07
Cabs	= 8.284234426e-10
Qabs	= 2.879037485e-07
