Cext	= 1.466647039e-05
Qext	= 5.663410473e-06
Cabs	= 1.466636544e-05
Qabs	= 5.663369948e-06
