Cext = 5.5972091349e+01
Qext = 1.5403868602e-03
Cabs = 2.7597233733e+01
Qabs = 7.5949308276e-04
