Cext	= 0.5714841753
Qext	= 0.002792940501
Cabs	= 0.5690554596
Qabs	= 0.002781070953
