Cext	= 3.876524803e-09
Qext	= 8.872785064e-07
Cabs	= 3.876545648e-09
Qabs	= 8.872832774e-07
