Cext	= 0.144116302
Qext	= 0.0004539805302
Cabs	= 0.1440014982
Qabs	= 0.0004536188868
