Cext	= 619464.3448
Qext	= 4.93542039
Cabs	= 34448.7288
Qabs	= 0.2744612502
