Cext	= 29.95309616
Qext	= 0.0009592735449
Cabs	= 26.49172
Qabs	= 0.0008484200102
