Cext	= 1.982325736
Qext	= 0.0003875185401
Cabs	= 1.966374159
Qabs	= 0.0003844002172
