Cext	= 1.444827629e-08
Qext	= 5.618949603e-07
Cabs	= 1.444816554e-08
Qabs	= 5.618906534e-07
