Cext	= 7537243.401
Qext	= 4.658334281
Cabs	= 1258959.347
Qabs	= 0.7780899688
