Cext	= 2720.539681
Qext	= 0.009633417519
Cabs	= 633.0443131
Qabs	= 0.002241606774
