Cext	= 291.0390163
Qext	= 0.03641234542
Cabs	= 118.9655803
Qabs	= 0.01488396936
