Cext	= 8957088.057
Qext	= 4.460203743
Cabs	= 1322487.068
Qabs	= 0.6585356462
