Cext	= 0.06464883136
Qext	= 0.0002574236757
Cabs	= 0.06460925868
Qabs	= 0.0002572661022
