Cext	= 2.618926552e-11
Qext	= 8.387336466e-08
Cabs	= 2.618912875e-11
Qabs	= 8.387292663e-08
