Cext	= 2.912947349e-11
Qext	= 9.39518773e-08
Cabs	= 2.912953571e-11
Qabs	= 9.3952078e-08
