Cext	= 2.268100183e-06
Qext	= 2.905513995e-06
Cabs	= 2.268081185e-06
Qabs	= 2.905489658e-06
