Cext	= 29.70121737
Qext	= 0.01053557978
Cabs	= 24.02613403
Qabs	= 0.008522521105
