Cext	= 263.8095369
Qext	= 0.03368815155
Cabs	= 103.6964753
Qabs	= 0.01324191163
