Cext	= 0.0004408234339
Qext	= 0.0002154379203
Cabs	= 0.0004408174222
Qabs	= 0.0002154349823
