Cext	= 0.7971966437
Qext	= 0.0002790275399
Cabs	= 0.7943875016
Qabs	= 0.0002780443095
