Cext	= 0.004899270994
Qext	= 0.0003922583686
Cabs	= 0.004898855082
Qabs	= 0.0003922250687
