Cext	= 9.599749717e-07
Qext	= 3.82250198e-05
Cabs	= 9.599768474e-07
Qabs	= 3.822509448e-05
