Cext	= 2.290402029e-05
Qext	= 8.016657478e-05
Cabs	= 2.290384047e-05
Qabs	= 8.01659454e-05
