Cext	= 2.992822465e-08
Qext	= 1.040101911e-05
Cabs	= 2.99284955e-08
Qabs	= 1.040111324e-05
