Cext	= 8.313471115e-08
Qext	= 3.276604872e-06
Cabs	= 8.313428777e-08
Qabs	= 3.276588185e-06
