Cext = 8.9453682043e+01
Qext = 1.9451426104e-03
Cabs = 3.6534086157e+01
Qabs = 7.9442238820e-04
