Cext	= 5578.150692
Qext	= 0.04442833852
Cabs	= 764.4127661
Qabs	= 0.006088324074
