Cext	= 2.076815576e-09
Qext	= 7.366855006e-07
Cabs	= 2.076797344e-09
Qabs	= 7.366790334e-07
