Cext = 1.0640697198e-06
Qext = 1.1713544912e-06
Cabs = 1.0640606085e-06
Qabs = 1.1713444612e-06
