Cext	= 0.4547467582
Qext	= 0.002993273213
Cabs	= 0.4530044518
Qabs	= 0.002981804855
