Cext	= 0.0005186963632
Qext	= 1.85884647e-05
Cabs	= 0.0005186902201
Qabs	= 1.858824455e-05
