Cext	= 725.5385117
Qext	= 0.06348660259
Cabs	= 274.3804952
Qabs	= 0.02400904318
