Cext	= 276.8364725
Qext	= 0.03571544993
Cabs	= 114.8256932
Qabs	= 0.01481398481
