Cext	= 1.01474926e-05
Qext	= 4.994625005e-06
Cabs	= 1.014741411e-05
Qabs	= 4.994586375e-06
