Cext = 7.2293038385e-01
Qext = 1.2733116809e-03
Cabs = 7.0082527153e-01
Qabs = 1.2343775060e-03
