Cext = 7.0113697891e-08
Qext = 4.9397060889e-06
Cabs = 7.0113111327e-08
Qabs = 4.9396647662e-06
