Cext = 6.6895196766e+03
Qext = 1.1782384213e-01
Cabs = 5.4883937746e+02
Qabs = 9.6668172430e-03
