Cext	= 0.7746504577
Qext	= 0.003084562614
Cabs	= 0.7701360965
Qabs	= 0.003066586984
