Cext	= 7.422808045e-07
Qext	= 5.804244349e-06
Cabs	= 7.42275562e-07
Qabs	= 5.804203355e-06
