Cext	= 0.04980288433
Qext	= 0.0009968625016
Cabs	= 0.04976045793
Qabs	= 0.000996013288
