Cext	= 4.147123506e-08
Qext	= 8.359875586e-06
Cabs	= 4.147089547e-08
Qabs	= 8.35980713e-06
