Cext	= 0.05548320273
Qext	= 0.000812753579
Cabs	= 0.05542845219
Qabs	= 0.0008119515579
