Cext	= 2.844369501e-07
Qext	= 2.548333949e-05
Cabs	= 2.844375075e-07
Qabs	= 2.548338943e-05
