Cext	= 272.7143614
Qext	= 0.008529929813
Cabs	= 157.1447454
Qabs	= 0.004915156069
