Cext	= 0.6272451258
Qext	= 0.002439362787
Cabs	= 0.6212589095
Qabs	= 0.002416082329
