Cext	= 0.0374726518
Qext	= 0.001302294981
Cabs	= 0.0374611849
Qabs	= 0.00130189647
