Cext	= 2967.633649
Qext	= 0.1495557587
Cabs	= 686.343116
Qabs	= 0.03458869172
