Cext	= 1.667838947e-08
Qext	= 5.324524264e-07
Cabs	= 1.667824301e-08
Qabs	= 5.324477508e-07
