Cext	= 0.0001465759432
Qext	= 0.0001273496177
Cabs	= 0.0001465746283
Qabs	= 0.0001273484752
