Cext	= 0.001635468715
Qext	= 6.654832185e-05
Cabs	= 0.001635445669
Qabs	= 6.654738407e-05
