Cext	= 0.04939109639
Qext	= 0.000317524108
Cabs	= 0.04937742282
Qabs	= 0.0003174362037
