Cext	= 7.30256631e-05
Qext	= 3.680174085e-05
Cabs	= 7.302579141e-05
Qabs	= 3.680180551e-05
