Cext	= 14.41397292
Qext	= 0.0007212809709
Cabs	= 13.50791122
Qabs	= 0.0006759412807
