Cext	= 2.330357968e-07
Qext	= 1.879037618e-06
Cabs	= 2.330362944e-07
Qabs	= 1.87904163e-06
