Cext = 1.9249565747e-04
Qext = 9.4179565154e-05
Cabs = 1.9249718331e-04
Qabs = 9.4180311699e-05
