Cext = 2.2498298611e+02
Qext = 1.5850680540e-02
Cabs = 7.0261335451e+01
Qabs = 4.9501075692e-03
