Cext	= 1.192520577e-08
Qext	= 5.948570414e-07
Cabs	= 1.192514499e-08
Qabs	= 5.948540098e-07
