Cext	= 12201056.56
Qext	= 6.075545735
Cabs	= 301412.536
Qabs	= 0.150089104
