Cext	= 2.322723911
Qext	= 0.0008265246836
Cabs	= 2.269600757
Qabs	= 0.0008076211894
