Cext = 5.1878757986e-07
Qext = 1.1280875249e-05
Cabs = 5.1878322553e-07
Qabs = 1.1280780561e-05
