Cext	= 8.859830123e-08
Qext	= 2.857578847e-06
Cabs	= 8.859756057e-08
Qabs	= 2.857554958e-06
