Cext	= 709.1162501
Qext	= 0.0630834859
Cabs	= 203.896486
Qabs	= 0.0181387764
