Cext	= 0.000152031791
Qext	= 0.0001136254742
Cabs	= 0.0001520321786
Qabs	= 0.0001136257638
