Cext	= 9.487024771e-06
Qext	= 7.595752233e-05
Cabs	= 9.4869785e-06
Qabs	= 7.595715186e-05
