Cext	= 44531.19026
Qext	= 0.1404643423
Cabs	= 2986.79899
Qabs	= 0.009421233818
