Cext	= 0.0001677871758
Qext	= 0.0001492646648
Cabs	= 0.0001677853264
Qabs	= 0.0001492630196
