Cext	= 4901.416835
Qext	= 0.2395405889
Cabs	= 918.2347895
Qabs	= 0.04487569811
