Cext	= 0.1738364062
Qext	= 0.002174894401
Cabs	= 0.1735849778
Qabs	= 0.00217174874
