Cext	= 0.0001334277865
Qext	= 1.064910206e-05
Cabs	= 0.0001334264658
Qabs	= 1.064899665e-05
