Cext	= 0.223361906
Qext	= 0.001470231944
Cabs	= 0.2226623897
Qabs	= 0.001465627527
