Cext	= 7.087863811e-10
Qext	= 5.715157462e-07
Cabs	= 7.087804564e-10
Qabs	= 5.71510969e-07
