Cext	= 0.1050262998
Qext	= 0.0004084483669
Cabs	= 0.104965143
Qabs	= 0.0004082105275
