Cext	= 2.477413617e-09
Qext	= 3.121638653e-07
Cabs	= 2.477394628e-09
Qabs	= 3.121614726e-07
