Cext	= 0.001052607645
Qext	= 0.0003394996631
Cabs	= 0.001052601238
Qabs	= 0.0003394975964
