Cext	= 2.290389555e-08
Qext	= 8.016613818e-06
Cabs	= 2.290372392e-08
Qabs	= 8.016553745e-06
