Cext	= 382.7746153
Qext	= 0.002716610865
Cabs	= 174.3055522
Qabs	= 0.001237073562
