Cext	= 3.801993632e-07
Qext	= 2.426904874e-05
Cabs	= 3.80202803e-07
Qabs	= 2.426926831e-05
