Cext	= 1.151328095e-06
Qext	= 9.06699193e-06
Cabs	= 1.151322108e-06
Qabs	= 9.066944784e-06
