Cext	= 1098809374
Qext	= 8.664911894
Cabs	= 254831424
Qabs	= 2.009531305
