Cext	= 0.0002879203643
Qext	= 0.000164751655
Cabs	= 0.0002879202712
Qabs	= 0.0001647516017
