Cext	= 181.1557909
Qext	= 0.02337141679
Cabs	= 88.27804486
Qabs	= 0.01138899822
