Cext	= 3.244967425e-08
Qext	= 2.819325955e-06
Cabs	= 3.244998756e-08
Qabs	= 2.819353175e-06
