Cext	= 0.5744568621
Qext	= 0.002271292932
Cabs	= 0.5689937288
Qabs	= 0.002249692745
