Cext = 1.1139744744e-04
Qext = 7.8482616948e-05
Cabs = 1.1139853774e-04
Qabs = 7.8483385104e-05
