Cext	= 7116892.029
Qext	= 4.628732948
Cabs	= 1862263.897
Qabs	= 1.211191939
