Cext	= 9.140482066e-08
Qext	= 2.879341779e-06
Cabs	= 9.140412017e-08
Qabs	= 2.879319713e-06
