Cext	= 4.498669938e-06
Qext	= 4.118712863e-05
Cabs	= 4.498693318e-06
Qabs	= 4.118734269e-05
