Cext	= 1.062838705e-09
Qext	= 3.348046486e-06
Cabs	= 1.062833595e-09
Qabs	= 3.348030389e-06
