Cext	= 49039757.98
Qext	= 13.92171101
Cabs	= 1976226.596
Qabs	= 0.5610234772
