Cext	= 0.0006184397294
Qext	= 0.0002405118509
Cabs	= 0.0006184291211
Qabs	= 0.0002405077253
