Cext	= 0.004056464622
Qext	= 0.0001409751716
Cabs	= 0.004056419521
Qabs	= 0.0001409736042
