Cext	= 1924861.945
Qext	= 1.115187268
Cabs	= 41360.16138
Qabs	= 0.02396240701
