Cext	= 0.001025867166
Qext	= 8.213568541e-05
Cabs	= 0.001025855274
Qabs	= 8.213473325e-05
