Cext	= 12749.98945
Qext	= 0.4016372116
Cabs	= 1286.126394
Qabs	= 0.04051424676
