Cext	= 0.2055038391
Qext	= 0.001828176767
Cabs	= 0.2051193327
Qabs	= 0.001824756171
