Cext	= 1.666079108
Qext	= 0.0002440579655
Cabs	= 1.643131787
Qabs	= 0.0002406964945
