Cext	= 7.036584744e-05
Qext	= 8.985631683e-05
Cabs	= 7.036515706e-05
Qabs	= 8.985543522e-05
