Cext	= 6.589299647e-06
Qext	= 4.337265472e-06
Cabs	= 6.589244262e-06
Qabs	= 4.337229016e-06
