Cext	= 341.9539176
Qext	= 0.002723132449
Cabs	= 167.8315406
Qabs	= 0.001336517848
