Cext	= 0.0006276634599
Qext	= 0.0002423702308
Cabs	= 0.0006276531125
Qabs	= 0.0002423662352
