Cext	= 0.003674259458
Qext	= 4.629711513e-05
Cabs	= 0.003674180263
Qabs	= 4.629611724e-05
