Cext	= 0.3254292798
Qext	= 0.001471326249
Cabs	= 0.3235648829
Qabs	= 0.001462896964
