Cext	= 4.312910467e-05
Qext	= 9.871606532e-05
Cabs	= 4.312867207e-05
Qabs	= 9.871507517e-05
