Cext	= 256.5097567
Qext	= 0.008273260828
Cabs	= 149.825652
Qabs	= 0.004832356918
