Cext	= 5.391122959e-06
Qext	= 4.935789419e-05
Cabs	= 5.391071044e-06
Qabs	= 4.935741889e-05
