Cext	= 0.01109747335
Qext	= 0.0008677638786
Cabs	= 0.01109653676
Qabs	= 0.0008676906423
