Cext	= 0.01357176541
Qext	= 6.136047349e-05
Cabs	= 0.01357055446
Qabs	= 6.135499856e-05
