Cext	= 14050306.35
Qext	= 11.07968947
Cabs	= 413566.2853
Qabs	= 0.3261271252
