Cext	= 6.291968553e-06
Qext	= 5.63711468e-06
Cabs	= 6.291981827e-06
Qabs	= 5.637126573e-06
