Cext	= 2.572259951
Qext	= 0.0008939429329
Cabs	= 2.513828023
Qabs	= 0.0008736359615
