Cext	= 5.351213405e-10
Qext	= 1.872983189e-07
Cabs	= 5.351172389e-10
Qabs	= 1.872968833e-07
