Cext	= 1.821475833e-07
Qext	= 1.852926914e-05
Cabs	= 1.821458497e-07
Qabs	= 1.852909278e-05
