Cext = 5.1839649255e+00
Qext = 5.7066379050e-04
Cabs = 4.5774165785e+00
Qabs = 5.0389343530e-04
