Cext	= 7.581712584e-09
Qext	= 6.070270889e-06
Cabs	= 7.58167598e-09
Qabs	= 6.070241582e-06
