Cext	= 0.000648018018
Qext	= 0.000209006556
Cabs	= 0.0006480067825
Qabs	= 0.0002090029322
