Cext	= 14.67944759
Qext	= 0.0006636851045
Cabs	= 13.61463485
Qabs	= 0.000615542942
