Cext	= 2.277715652e-08
Qext	= 8.07948532e-06
Cabs	= 2.277704929e-08
Qabs	= 8.079447281e-06
