Cext	= 0.00250534244
Qext	= 8.706869489e-05
Cabs	= 0.002505266318
Qabs	= 8.706604941e-05
