Cext = 1.5144553415e-08
Qext = 2.9638226106e-06
Cabs = 1.5144426751e-08
Qabs = 2.9637978225e-06
