Cext	= 1.109400288e-05
Qext	= 8.674925061e-05
Cabs	= 1.109410147e-05
Qabs	= 8.675002149e-05
