Cext	= 62.40064647
Qext	= 0.003570643502
Cabs	= 47.29506567
Qabs	= 0.002706283163
