Cext	= 0.1142109118
Qext	= 0.0003646148043
Cabs	= 0.1141154912
Qabs	= 0.0003643101768
