Cext	= 22315082.74
Qext	= 12.92845766
Cabs	= 661256.3146
Qabs	= 0.3831052012
