Cext	= 14639219.6
Qext	= 5.756971502
Cabs	= 251743.4949
Qabs	= 0.09899982141
