Cext	= 2.56148953e-07
Qext	= 2.278719302e-05
Cabs	= 2.561477277e-07
Qabs	= 2.278708402e-05
