Cext	= 3.724036374
Qext	= 0.0003302464157
Cabs	= 3.615216268
Qabs	= 0.0003205962818
