Cext	= 1.465738373e-07
Qext	= 1.27347788e-05
Cabs	= 1.465728241e-07
Qabs	= 1.273469077e-05
