Cext	= 1.602867004e-08
Qext	= 2.053327516e-06
Cabs	= 1.60285864e-08
Qabs	= 2.0533168e-06
