Cext = 1.3317246045e-01
Qext = 5.8639826585e-05
Cabs = 1.3282565622e-01
Qabs = 5.8487118289e-05
