Cext	= 3.038928628e-05
Qext	= 2.000309732e-05
Cabs	= 3.038902362e-05
Qabs	= 2.000292443e-05
