Cext	= 12619695.27
Qext	= 4.718218391
Cabs	= 2388107.169
Qabs	= 0.8928592112
