Cext	= 329776.0553
Qext	= 0.2038155094
Cabs	= 9612.150048
Qabs	= 0.005940714091
