Cext	= 0.003851201889
Qext	= 0.0001380150999
Cabs	= 0.003851133051
Qabs	= 0.0001380126329
