Cext	= 9.290142175e-06
Qext	= 4.648824307e-06
Cabs	= 9.290063871e-06
Qabs	= 4.648785123e-06
