Cext	= 18791396.6
Qext	= 5.690799026
Cabs	= 3220880.971
Qabs	= 0.9754137323
