Cext	= 9.53081327e-09
Qext	= 5.453651267e-07
Cabs	= 9.530717291e-09
Qabs	= 5.453596347e-07
