Cext	= 22.96167548
Qext	= 0.0007181927612
Cabs	= 20.25991599
Qabs	= 0.0006336874248
