Cext = 4.4890437078e-10
Qext = 8.7851578563e-08
Cabs = 4.4890053612e-10
Qabs = 8.7850828124e-08
