Cext	= 1.313357336e-05
Qext	= 4.80972539e-06
Cabs	= 1.313364252e-05
Qabs	= 4.809750715e-06
