Cext = 6.6550844019e-07
Qext = 1.3024147415e-06
Cabs = 6.6550906778e-07
Qabs = 1.3024159705e-06
