Cext	= 4216.716887
Qext	= 0.01418881492
Cabs	= 974.5552472
Qabs	= 0.003279277315
