Cext	= 0.5712022672
Qext	= 0.001823545575
Cabs	= 0.5656128549
Qabs	= 0.001805701549
