Cext	= 12.33729601
Qext	= 0.001591669168
Cabs	= 11.18884816
Qabs	= 0.00144350469
