Cext	= 24.04875457
Qext	= 0.002089428616
Cabs	= 20.31641239
Qabs	= 0.001765151425
