Cext	= 7.748097532e-07
Qext	= 3.01324315e-05
Cabs	= 7.748060231e-07
Qabs	= 3.013228644e-05
