Cext	= 1.05255175e-06
Qext	= 3.39481635e-05
Cabs	= 1.052553825e-06
Qabs	= 3.394823044e-05
