Cext	= 9.114259078e-11
Qext	= 3.337787979e-07
Cabs	= 9.114167277e-11
Qabs	= 3.33775436e-07
