Cext	= 0.3498969298
Qext	= 0.001710005891
Cabs	= 0.3481983537
Qabs	= 0.00170170466
