Cext	= 0.1318512021
Qext	= 0.001701049347
Cabs	= 0.1317187548
Qabs	= 0.001699340607
