Cext	= 8.427760457e-08
Qext	= 1.698889092e-05
Cabs	= 8.427776987e-08
Qabs	= 1.698892425e-05
