Cext = 8.9201060618e-06
Qext = 3.9277901061e-05
Cabs = 8.9202132613e-06
Qabs = 3.9278373101e-05
