Cext	= 3.602713676e-05
Qext	= 7.188470004e-05
Cabs	= 3.602680504e-05
Qabs	= 7.188403816e-05
