Cext	= 5.607429928e-05
Qext	= 2.210067487e-05
Cabs	= 5.607377035e-05
Qabs	= 2.210046641e-05
