Cext	= 0.710357789
Qext	= 0.0002527757363
Cabs	= 0.7078403778
Qabs	= 0.0002518799336
