Cext	= 6533.678971
Qext	= 0.2107320633
Cabs	= 852.2008181
Qabs	= 0.02748620456
