Cext	= 1139357.67
Qext	= 0.5673459176
Cabs	= 27905.15274
Qabs	= 0.01389543855
