Cext = 3.5912343582e-09
Qext = 1.7570312738e-07
Cabs = 3.5912036819e-09
Qabs = 1.7570162654e-07
