Cext	= 0.7816492745
Qext	= 0.0030807298
Cabs	= 0.774558894
Qabs	= 0.003052784343
