Cext	= 2.841888526e-08
Qext	= 1.018444475e-05
Cabs	= 2.841894151e-08
Qabs	= 1.018446491e-05
