Cext	= 3059.770888
Qext	= 0.1383379279
Cabs	= 673.4365286
Qabs	= 0.03044731691
