Cext = 2.2176961365e+02
Qext = 1.5624289458e-02
Cabs = 5.1373523918e+01
Qabs = 3.6194084270e-03
