Cext	= 329973.6659
Qext	= 0.6569320825
Cabs	= 10185.14275
Qabs	= 0.02027721521
