Cext	= 10243.74941
Qext	= 0.4050183256
Cabs	= 1428.536744
Qabs	= 0.05648161986
