Cext	= 0.002392296639
Qext	= 8.573247239e-05
Cabs	= 0.002392223101
Qabs	= 8.572983702e-05
