Cext	= 9.347973187e-05
Qext	= 3.696010411e-05
Cabs	= 9.347918976e-05
Qabs	= 3.695988977e-05
