Cext	= 4.946867802e-07
Qext	= 1.910217127e-05
Cabs	= 4.946833581e-07
Qabs	= 1.910203912e-05
