Cext	= 2.869664626e-08
Qext	= 1.004413989e-05
Cabs	= 2.869650829e-08
Qabs	= 1.00440916e-05
