Cext = 3.5934539362e-02
Qext = 3.9557637319e-04
Cabs = 3.5881263263e-02
Qabs = 3.9498989670e-04
