Cext	= 1.536862252e-10
Qext	= 1.23921819e-07
Cabs	= 1.536849402e-10
Qabs	= 1.239207829e-07
