Cext	= 6.057070106e-08
Qext	= 2.218196303e-06
Cabs	= 6.057102672e-08
Qabs	= 2.218208229e-06
