Cext	= 7.988956191e-09
Qext	= 5.204999103e-07
Cabs	= 7.988915477e-09
Qabs	= 5.204972576e-07
