Cext	= 5754739.113
Qext	= 3.74161744
Cabs	= 1170198.761
Qabs	= 0.7608400671
