Cext	= 1.859657361e-07
Qext	= 1.615726625e-05
Cabs	= 1.859644493e-07
Qabs	= 1.615715444e-05
