Cext	= 12339.69117
Qext	= 0.3951891726
Cabs	= 1230.274488
Qabs	= 0.0394005936
