Cext = 2.6300561043e-05
Qext = 9.4538167106e-06
Cabs = 2.6300317573e-05
Qabs = 9.4537291939e-06
