Cext	= 1.667838931e-11
Qext	= 5.324524212e-08
Cabs	= 1.667824285e-11
Qabs	= 5.324477456e-08
