Cext	= 7.571341764e-06
Qext	= 1.109098757e-05
Cabs	= 7.571381794e-06
Qabs	= 1.109104621e-05
