Cext	= 0.2354920551
Qext	= 0.0001854557855
Cabs	= 0.2352446207
Qabs	= 0.0001852609249
