Cext	= 0.0002454575223
Qext	= 1.919348349e-05
Cabs	= 0.0002454596431
Qabs	= 1.919364932e-05
