Cext	= 2194.23754
Qext	= 0.108001002
Cabs	= 434.0241409
Qabs	= 0.02136279289
