Cext	= 6.184054399e-07
Qext	= 2.404985157e-05
Cabs	= 6.184008001e-07
Qabs	= 2.404967112e-05
