Cext	= 0.09740152853
Qext	= 0.001247746931
Cabs	= 0.097240413
Qabs	= 0.001245682986
