Cext	= 0.1829681618
Qext	= 0.001622556108
Cabs	= 0.1826111945
Qabs	= 0.001619390532
