Cext	= 529531.8485
Qext	= 0.3444005479
Cabs	= 17106.21853
Qabs	= 0.01112565949
