Cext	= 2.23672171e-08
Qext	= 8.637029104e-07
Cabs	= 2.236743309e-08
Qabs	= 8.637112507e-07
