Cext	= 1.667840798e-05
Qext	= 5.324530172e-06
Cabs	= 1.667825919e-05
Qabs	= 5.324482673e-06
