Cext = 5.7094571793e-02
Qext = 6.2851128886e-04
Cabs = 5.7020721618e-02
Qabs = 6.2769832758e-04
