Cext	= 2.444624788
Qext	= 0.0003153879019
Cabs	= 2.405886046
Qabs	= 0.000310390108
