Cext = 3.9259096217e-08
Qext = 1.0804348113e-06
Cabs = 3.9258760909e-08
Qabs = 1.0804255832e-06
