Cext	= 7.691957442e-05
Qext	= 2.455633628e-05
Cabs	= 7.691883017e-05
Qabs	= 2.455609868e-05
