Cext	= 0.01520944127
Qext	= 0.0005395074549
Cabs	= 0.01520524641
Qabs	= 0.0005393586552
