Cext	= 0.006798633905
Qext	= 4.370686873e-05
Cabs	= 0.006798265262
Qabs	= 4.370449881e-05
