Cext	= 63.47620773
Qext	= 0.003176374827
Cabs	= 44.22290961
Qabs	= 0.002212932087
