Cext	= 1.268435959e-06
Qext	= 2.497311291e-06
Cabs	= 1.268426226e-06
Qabs	= 2.497292128e-06
