Cext	= 4463534.016
Qext	= 5.687219799
Cabs	= 340590.3757
Qabs	= 0.4339638324
