Cext = 5.4752105800e+00
Qext = 2.6787770621e-04
Cabs = 5.1327565341e+00
Qabs = 2.5112295256e-04
