Cext	= 3.641184194e-09
Qext	= 4.697593875e-07
Cabs	= 3.641191972e-09
Qabs	= 4.697603911e-07
