Cext	= 13498204.43
Qext	= 4.301736746
Cabs	= 3983383.777
Qabs	= 1.269462798
