Cext	= 12.81267572
Qext	= 0.001614447563
Cabs	= 11.56285881
Qabs	= 0.001456965714
