Cext = 7.3337266784e+02
Qext = 2.6361303741e-02
Cabs = 1.0345731336e+02
Qabs = 3.7188046144e-03
