Cext	= 2.004160998e-05
Qext	= 1.74127576e-05
Cabs	= 2.004146483e-05
Qabs	= 1.741263149e-05
