Cext	= 3784524.418
Qext	= 3.349181103
Cabs	= 83013.12539
Qabs	= 0.07346391783
