Cext	= 0.008540481361
Qext	= 4.260191039e-05
Cabs	= 0.008539795916
Qabs	= 4.259849123e-05
