Cext	= 2.992834339e-05
Qext	= 0.0001040106038
Cabs	= 2.992860748e-05
Qabs	= 0.0001040115216
