Cext	= 0.1040745893
Qext	= 0.0004144121828
Cabs	= 0.1040186262
Qabs	= 0.0004141893448
