Cext	= 0.0001095181261
Qext	= 4.229007292e-05
Cabs	= 0.0001095191221
Qabs	= 4.229045752e-05
