Cext	= 6089098.334
Qext	= 3.95838544
Cabs	= 1170344.107
Qabs	= 0.7608142975
