Cext	= 4.892131272e-08
Qext	= 3.220140711e-06
Cabs	= 4.892141723e-08
Qabs	= 3.22014759e-06
