Cext	= 9.694375445e-07
Qext	= 3.770152645e-05
Cabs	= 9.6943292e-07
Qabs	= 3.77013466e-05
