Cext	= 0.0004561451278
Qext	= 0.0002932453123
Cabs	= 0.0004561410763
Qabs	= 0.0002932427077
