Cext	= 2.401347272e-09
Qext	= 3.098045481e-07
Cabs	= 2.401327194e-09
Qabs	= 3.098019578e-07
