Cext	= 4.570743557e-05
Qext	= 9.119973417e-05
Cabs	= 4.570700344e-05
Qabs	= 9.119887194e-05
