Cext	= 6.694567094e-10
Qext	= 5.359981046e-07
Cabs	= 6.694511147e-10
Qabs	= 5.359936252e-07
