Cext	= 20.77301857
Qext	= 0.0006652737018
Cabs	= 18.31193743
Qabs	= 0.0005864554714
