Cext	= 7.581729979e-06
Qext	= 6.070284816e-05
Cabs	= 7.581692851e-06
Qabs	= 6.070255089e-05
