Cext	= 3.080765103e-05
Qext	= 2.760126031e-05
Cabs	= 3.080771192e-05
Qabs	= 2.760131486e-05
