Cext	= 0.03913955175
Qext	= 0.0002550036912
Cabs	= 0.03912819654
Qabs	= 0.0002549297092
