Cext	= 2.08479921e-06
Qext	= 2.662262804e-06
Cabs	= 2.084780867e-06
Qabs	= 2.66223938e-06
