Cext	= 984.6248901
Qext	= 0.08731623652
Cabs	= 298.0231636
Qabs	= 0.02642860373
