Cext	= 1.09517653e-07
Qext	= 4.228989023e-06
Cabs	= 1.095187103e-07
Qabs	= 4.229029852e-06
