Cext	= 29824884.82
Qext	= 8.956891569
Cabs	= 1160118.438
Qabs	= 0.3484021857
