Cext	= 6999537.575
Qext	= 8.478978431
Cabs	= 328609.5983
Qabs	= 0.398065396
