Cext	= 0.01969117873
Qext	= 0.0002003118261
Cabs	= 0.01968818478
Qabs	= 0.0002002813696
