Cext = 1.7968741260e-05
Qext = 3.9072471328e-06
Cabs = 1.7968754298e-05
Qabs = 3.9072499699e-06
