Cext	= 1.928803046e-07
Qext	= 1.441548239e-05
Cabs	= 1.928813232e-07
Qabs	= 1.441555852e-05
