Cext	= 65.83643041
Qext	= 0.003317868195
Cabs	= 46.55297072
Qabs	= 0.002346066152
