Cext	= 4.103683607e-07
Qext	= 1.617392965e-05
Cabs	= 4.103648391e-07
Qabs	= 1.617379086e-05
