Cext	= 0.08956484245
Qext	= 0.00114373196
Cabs	= 0.0894119001
Qabs	= 0.001141778905
