Cext	= 0.8773298083
Qext	= 0.003468794829
Cabs	= 0.8696955757
Qabs	= 0.003438610529
