Cext	= 1.661452485e-08
Qext	= 1.473371023e-06
Cabs	= 1.661437899e-08
Qabs	= 1.473358088e-06
