Cext	= 7303121.18
Qext	= 4.748344805
Cabs	= 116947.081
Qabs	= 0.0760366768
