Cext	= 2.505198238e-06
Qext	= 8.70636834e-06
Cabs	= 2.505180503e-06
Qabs	= 8.706306707e-06
