Cext	= 0.03040401656
Qext	= 0.0002001279321
Cabs	= 0.03039512163
Qabs	= 0.0002000693831
