Cext	= 0.01654177734
Qext	= 0.0005886273102
Cabs	= 0.01653735988
Qabs	= 0.000588470118
