Cext	= 0.006292344029
Qext	= 5.637451078e-05
Cabs	= 0.006292191102
Qabs	= 5.637314067e-05
