Cext	= 1.16139255
Qext	= 0.0009146251987
Cabs	= 1.154082682
Qabs	= 0.0009088684979
