Cext	= 1.328548553e-07
Qext	= 1.67402346e-05
Cabs	= 1.328542164e-07
Qabs	= 1.67401541e-05
