Cext = 5.9636764678e+00
Qext = 2.1436616561e-04
Cabs = 5.3678888426e+00
Qabs = 1.9295039805e-04
