Cext	= 0.0006153703099
Qext	= 4.911376714e-05
Cabs	= 0.0006153604909
Qabs	= 4.911298347e-05
