Cext	= 184849.9881
Qext	= 0.1542039391
Cabs	= 8559.179236
Qabs	= 0.007140163585
