Cext = 7.1360722991e-08
Qext = 7.8555663968e-06
Cabs = 7.1361596723e-08
Qabs = 7.8556625843e-06
