Cext	= 31725184.57
Qext	= 14.07240999
Cabs	= 996354.3307
Qabs	= 0.4419550847
