Cext	= 3.101219872e-08
Qext	= 1.77455703e-06
Cabs	= 3.101236547e-08
Qabs	= 1.774566571e-06
