Cext	= 6315926.619
Qext	= 3.144031748
Cabs	= 1541175.163
Qabs	= 0.7671880838
