Cext	= 11755619.39
Qext	= 4.358519961
Cabs	= 196249.905
Qabs	= 0.07276172356
