Cext	= 3.602533469e-06
Qext	= 3.19471575e-06
Cabs	= 3.602501726e-06
Qabs	= 3.1946876e-06
