Cext	= 1.060365633e-07
Qext	= 1.336102427e-05
Cabs	= 1.060357686e-07
Qabs	= 1.336092413e-05
