Cext	= 0.001201869703
Qext	= 9.397987105e-05
Cabs	= 0.001201873909
Qabs	= 9.398019995e-05
