Cext	= 10051995.37
Qext	= 3.953014741
Cabs	= 1909704.168
Qabs	= 0.751004
