Cext	= 217599.8171
Qext	= 1.647451829
Cabs	= 10157.28927
Qabs	= 0.07690100569
