Cext	= 414.6182246
Qext	= 0.05311401425
Cabs	= 176.5264375
Qabs	= 0.02261364108
