Cext	= 0.07102663616
Qext	= 0.001388477073
Cabs	= 0.07098925025
Qabs	= 0.001387746228
