Cext	= 6.786339227e-09
Qext	= 5.344409058e-06
Cabs	= 6.786288374e-09
Qabs	= 5.344369011e-06
