Cext	= 0.06811760446
Qext	= 0.001341107223
Cabs	= 0.06807973922
Qabs	= 0.001340361728
