Cext	= 0.0543863687
Qext	= 0.001070765076
Cabs	= 0.054339901
Qabs	= 0.001069850215
