Cext	= 5702.154116
Qext	= 0.224740132
Cabs	= 953.9517
Qabs	= 0.0375982877
