Cext	= 4.280972208e-06
Qext	= 3.745967676e-06
Cabs	= 4.28093927e-06
Qabs	= 3.745938854e-06
