Cext	= 2.836850963e-06
Qext	= 2.885834335e-06
Cabs	= 2.83686615e-06
Qabs	= 2.885849784e-06
