Cext = 8.4544249909e-06
Qext = 3.0389687934e-06
Cabs = 8.4544321378e-06
Qabs = 3.0389713625e-06
