Cext = 1.1150112157e-09
Qext = 1.9638914571e-06
Cabs = 1.1150248701e-09
Qabs = 1.9639155070e-06
