Cext	= 548.2616019
Qext	= 0.004116293952
Cabs	= 269.387719
Qabs	= 0.002022536385
