Cext	= 6023.456533
Qext	= 0.2398466127
Cabs	= 798.3151568
Qabs	= 0.03178792528
