Cext	= 0.0001215929348
Qext	= 0.0001078282457
Cabs	= 0.0001215916323
Qabs	= 0.0001078270906
