Cext	= 11218079.6
Qext	= 4.194186021
Cabs	= 1405478.292
Qabs	= 0.5254765176
