Cext	= 3.835257564e-06
Qext	= 4.798350578e-06
Cabs	= 3.835294539e-06
Qabs	= 4.798396837e-06
