Cext	= 0.00106744319
Qext	= 2.129862109e-05
Cabs	= 0.001067424279
Qabs	= 2.129824377e-05
