Cext	= 0.0002100076044
Qext	= 0.0001372586388
Cabs	= 0.0002100051992
Qabs	= 0.0001372570667
