Cext = 8.8305976194e+00
Qext = 3.1741851893e-04
Cabs = 7.9859226070e+00
Qabs = 2.8705641854e-04
