Cext	= 19.17889745
Qext	= 0.0006122803704
Cabs	= 16.84192811
Qabs	= 0.0005376733469
