Cext	= 0.01046270967
Qext	= 0.0001340308933
Cabs	= 0.01046148561
Qabs	= 0.0001340152128
