Cext	= 7.589692518e-05
Qext	= 0.0001519164999
Cabs	= 7.58965037e-05
Qabs	= 0.0001519156562
