Cext	= 0.009490727772
Qext	= 0.0007598717027
Cabs	= 0.009489765517
Qabs	= 0.0007597946601
