Cext = 1.1322156416e+00
Qext = 1.9941939547e-03
Cabs = 1.1011024301e+00
Qabs = 1.9393936360e-03
