Cext	= 0.4346766213
Qext	= 0.002487274317
Cabs	= 0.4324786441
Qabs	= 0.002474697215
