Cext	= 5.261699825e-05
Qext	= 0.0001060666649
Cabs	= 5.261652464e-05
Qabs	= 0.0001060657102
