Cext	= 330498.8159
Qext	= 0.620338116
Cabs	= 13759.99644
Qabs	= 0.02582717353
