Cext	= 9.290136108e-09
Qext	= 4.648821271e-07
Cabs	= 9.290058447e-09
Qabs	= 4.648782409e-07
