Cext	= 0.0008645620456
Qext	= 0.0003418313529
Cabs	= 0.0008645503008
Qabs	= 0.0003418267092
