Cext	= 0.2838876549
Qext	= 0.001868629732
Cabs	= 0.282667105
Qabs	= 0.001860595724
