Cext	= 7008260.265
Qext	= 8.418772131
Cabs	= 180549.4142
Qabs	= 0.2168875469
