Cext	= 5625.126032
Qext	= 0.2239855832
Cabs	= 1026.764418
Qabs	= 0.04088449319
