Cext	= 0.004020965574
Qext	= 4.090394831e-05
Cabs	= 0.004020830765
Qabs	= 4.090257693e-05
