Cext	= 6.302698335
Qext	= 0.00123209441
Cabs	= 5.974586645
Qabs	= 0.001167952901
