Cext	= 2659.033341
Qext	= 0.1709431965
Cabs	= 616.4146216
Qabs	= 0.03962789191
