Cext = 2.0703031641e-09
Qext = 4.0516290977e-07
Cabs = 2.0702854839e-09
Qabs = 4.0515944976e-07
