Cext	= 1450181.861
Qext	= 0.5702937639
Cabs	= 24546.06735
Qabs	= 0.009652905967
