Cext	= 0.4510853033
Qext	= 0.001783505305
Cabs	= 0.4479564776
Qabs	= 0.001771134525
