Cext	= 2436870198
Qext	= 8.540664733
Cabs	= 591626914.9
Qabs	= 2.07351509
