Cext	= 12.37366288
Qext	= 0.009675551679
Cabs	= 11.33750504
Qabs	= 0.008865330901
