Cext	= 2280.898883
Qext	= 0.008074085506
Cabs	= 498.3055454
Qabs	= 0.001763936846
