Cext	= 4.120661681
Qext	= 0.0004191812372
Cabs	= 4.026678373
Qabs	= 0.0004096206272
