Cext	= 2.55882807e-08
Qext	= 9.105406591e-06
Cabs	= 2.558815715e-08
Qabs	= 9.105362629e-06
