Cext	= 3.945679067
Qext	= 0.001414008681
Cabs	= 3.868553487
Qabs	= 0.001386369272
