Cext	= 3.079065139e-06
Qext	= 1.092202249e-05
Cabs	= 3.079049391e-06
Qabs	= 1.092196663e-05
