Cext	= 32.35200545
Qext	= 0.01124336077
Cabs	= 24.17403415
Qabs	= 0.008401253139
