Cext	= 6588008.083
Qext	= 7.980466973
Cabs	= 425806.2521
Qabs	= 0.5158057927
