Cext	= 1.17303567
Qext	= 0.0002347966968
Cabs	= 1.162969553
Qabs	= 0.0002327818467
