Cext	= 9.573982726e-05
Qext	= 9.739294886e-05
Cabs	= 9.574016808e-05
Qabs	= 9.739329556e-05
