Cext	= 1.308327126e-08
Qext	= 1.330917765e-06
Cabs	= 1.308334161e-08
Qabs	= 1.330924921e-06
