Cext	= 1.900216771
Qext	= 0.0003741168613
Cabs	= 1.884442641
Qabs	= 0.0003710112324
