Cext	= 1.38674794e-06
Qext	= 4.337454961e-05
Cabs	= 1.386760376e-06
Qabs	= 4.337493859e-05
