Cext	= 1.676113316e-06
Qext	= 3.354935233e-06
Cabs	= 1.676104549e-06
Qabs	= 3.354917684e-06
