Cext	= 4.922822124e-09
Qext	= 9.822473378e-07
Cabs	= 4.922778908e-09
Qabs	= 9.822387148e-07
