Cext	= 195.4148691
Qext	= 0.02462304253
Cabs	= 92.52297548
Qabs	= 0.01165825902
