Cext	= 0.4149283079
Qext	= 0.001635365176
Cabs	= 0.411957866
Qabs	= 0.001623657714
