Cext	= 8.420425969e-06
Qext	= 6.789642352e-05
Cabs	= 8.420442097e-06
Qabs	= 6.789655356e-05
