Cext	= 0.08499710938
Qext	= 0.001063412097
Cabs	= 0.08489540179
Qabs	= 0.001062139617
