Cext	= 13501919.56
Qext	= 5.3122478
Cabs	= 213124.9652
Qabs	= 0.08385271611
