Cext	= 6.746213812e-06
Qext	= 6.176429476e-05
Cabs	= 6.74614908e-06
Qabs	= 6.176370211e-05
