Cext	= 234101.7761
Qext	= 0.4153641615
Cabs	= 11745.1493
Qabs	= 0.02083928695
