Cext = 4.1395475665e-05
Qext = 1.4879729708e-05
Cabs = 4.1395488411e-05
Qabs = 1.4879734287e-05
