Cext	= 0.006627710884
Qext	= 5.758355899e-05
Cabs	= 0.006627592971
Qabs	= 5.758253453e-05
