Cext	= 1058399.289
Qext	= 0.3709443978
Cabs	= 27199.57172
Qabs	= 0.009532818906
