Cext	= 0.002268190216
Qext	= 2.905629331e-05
Cabs	= 0.002268132913
Qabs	= 2.905555924e-05
