Cext	= 4921539.637
Qext	= 2.309402091
Cabs	= 74641.50482
Qabs	= 0.03502506534
