Cext	= 0.022370849
Qext	= 8.63843155e-05
Cabs	= 0.02236899292
Qabs	= 8.637714831e-05
