Cext	= 6198113.311
Qext	= 7.038235573
Cabs	= 189213.5962
Qabs	= 0.2148605224
