Cext	= 0.85632373
Qext	= 0.002733787028
Cabs	= 0.8486756295
Qabs	= 0.002709370704
