Cext	= 6.479882556e-07
Qext	= 2.089969567e-05
Cabs	= 6.47982944e-07
Qabs	= 2.089952435e-05
