Cext	= 46676288.79
Qext	= 13.25075469
Cabs	= 942632.9615
Qabs	= 0.2676004983
