Cext	= 0.02326349421
Qext	= 0.0008084811271
Cabs	= 0.02325509524
Qabs	= 0.0008081892358
