Cext	= 2.769760876e-05
Qext	= 2.463998973e-05
Cabs	= 2.769745946e-05
Qabs	= 2.46398569e-05
