Cext	= 3.919277562e-06
Qext	= 3.486617191e-06
Cabs	= 3.919244684e-06
Qabs	= 3.486587943e-06
