Cext	= 0.006216325218
Qext	= 0.0004977078409
Cabs	= 0.006215618054
Qabs	= 0.0004976512221
