Cext = 5.7035312531e-05
Qext = 6.2785894829e-05
Cabs = 5.7035941937e-05
Qabs = 6.2786587668e-05
