Cext	= 1497183.187
Qext	= 0.5882026805
Cabs	= 24405.20598
Qabs	= 0.009588143722
