Cext	= 61825.89287
Qext	= 0.07020607348
Cabs	= 4374.384575
Qabs	= 0.004967309822
