Cext	= 2420048.464
Qext	= 0.7267793931
Cabs	= 44850.83896
Qabs	= 0.01346942675
