Cext	= 1.963651705e-06
Qext	= 3.838680135e-06
Cabs	= 1.963670652e-06
Qabs	= 3.838717172e-06
