Cext	= 6.75656604e-05
Qext	= 0.000134813301
Cabs	= 6.756529104e-05
Qabs	= 0.000134812564
