Cext	= 234509.124
Qext	= 0.1358651149
Cabs	= 8230.086816
Qabs	= 0.004768179897
