Cext	= 367.7677256
Qext	= 0.002761163757
Cabs	= 175.4398771
Qabs	= 0.001317185268
