Cext	= 30.72664038
Qext	= 0.01101147243
Cabs	= 23.16294018
Qabs	= 0.008300877477
