Cext	= 5.640364281
Qext	= 0.004547995118
Cabs	= 5.260483396
Qabs	= 0.004241685751
