Cext	= 1150861.579
Qext	= 1.464941086
Cabs	= 26345.84044
Qabs	= 0.03353583509
