Cext	= 4290045.183
Qext	= 3.795950482
Cabs	= 729205.148
Qabs	= 0.6452208578
