Cext	= 1.030072938e-05
Qext	= 5.034141891e-06
Cabs	= 1.030065597e-05
Qabs	= 5.034106016e-06
