Cext	= 2.394258247e-07
Qext	= 2.080204062e-05
Cabs	= 2.394279912e-07
Qabs	= 2.080222885e-05
