Cext	= 220580.3275
Qext	= 0.4140238276
Cabs	= 8021.585151
Qabs	= 0.01505631724
