Cext	= 16880520.01
Qext	= 6.258630955
Cabs	= 1868915.756
Qabs	= 0.6929202417
