Cext	= 11002.50772
Qext	= 0.3523647279
Cabs	= 1524.018886
Qabs	= 0.04880800941
