Cext	= 23010463.02
Qext	= 8.531372022
Cabs	= 1080161.912
Qabs	= 0.4004814293
