Cext	= 4.147150344e-05
Qext	= 8.359929688e-05
Cabs	= 4.147113959e-05
Qabs	= 8.359856341e-05
