Cext = 7.1167758759e-04
Qext = 1.2534919066e-04
Cabs = 7.1164901844e-04
Qabs = 1.2534415868e-04
