Cext = 9.6549031562e-10
Qext = 4.2513432940e-07
Cabs = 9.6549123514e-10
Qabs = 4.2513473459e-07
