Cext	= 7.298520272e-09
Qext	= 1.456268767e-06
Cabs	= 7.298483106e-09
Qabs	= 1.456261352e-06
