Cext	= 470.6399227
Qext	= 0.03517467236
Cabs	= 160.5637605
Qabs	= 0.01200020949
