Cext	= 6.589296926e-09
Qext	= 4.337263682e-07
Cabs	= 6.589241833e-09
Qabs	= 4.337227417e-07
