Cext	= 4.561275731e-07
Qext	= 2.932340268e-05
Cabs	= 4.561253994e-07
Qabs	= 2.932326293e-05
