Cext	= 0.0002394298406
Qext	= 0.0002080238953
Cabs	= 0.0002394315744
Qabs	= 0.0002080254017
