Cext	= 1.215855669e-05
Qext	= 4.792076082e-06
Cabs	= 1.215844869e-05
Qabs	= 4.792033514e-06
