Cext	= 1158.681486
Qext	= 0.1013877966
Cabs	= 361.3447856
Qabs	= 0.03161865626
