Cext	= 626429.774
Qext	= 0.2778668344
Cabs	= 18834.71047
Qabs	= 0.008354554002
