Cext	= 9.991414393e-06
Qext	= 6.576634694e-06
Cabs	= 9.991435318e-06
Qabs	= 6.576648467e-06
