Cext	= 2.142736203e-05
Qext	= 8.333123272e-06
Cabs	= 2.142724863e-05
Qabs	= 8.33307917e-06
