Cext = 8.5952071233e+01
Qext = 2.3654546033e-03
Cabs = 4.4758299306e+01
Qabs = 1.2317763096e-03
