Cext	= 4.498665523e-09
Qext	= 4.118708821e-06
Cabs	= 4.498689297e-09
Qabs	= 4.118730587e-06
