Cext	= 28.99595896
Qext	= 0.01179865069
Cabs	= 23.25968755
Qabs	= 0.00946452328
