Cext	= 3342.699179
Qext	= 0.1645286138
Cabs	= 733.5236071
Qabs	= 0.03610424265
