Cext	= 4.899095188e-10
Qext	= 1.743307968e-07
Cabs	= 4.899054234e-10
Qabs	= 1.743293394e-07
