Cext	= 4224.519025
Qext	= 0.1642919822
Cabs	= 650.3612197
Qabs	= 0.02529261515
