Cext	= 9112.194644
Qext	= 0.3518644719
Cabs	= 1363.265745
Qabs	= 0.05264206923
