Cext	= 3.67409824e-09
Qext	= 4.629508372e-07
Cabs	= 3.674079145e-09
Qabs	= 4.629484312e-07
