Cext	= 3.885733544e-06
Qext	= 1.360049218e-05
Cabs	= 3.885713281e-06
Qabs	= 1.360042125e-05
