Cext	= 0.2111574073
Qext	= 0.001380101372
Cabs	= 0.2104641544
Qabs	= 0.001375570348
