Cext	= 0.0003134833659
Qext	= 0.0001568683303
Cabs	= 0.0003134792674
Qabs	= 0.0001568662794
