Cext = 8.9224627633e-03
Qext = 3.9288278328e-04
Cabs = 8.9205383492e-03
Qabs = 3.9279804577e-04
