Cext	= 7966455.315
Qext	= 3.965028592
Cabs	= 1642882.424
Qabs	= 0.8176881093
