Cext	= 2.850387975e-08
Qext	= 1.011086163e-05
Cabs	= 2.850374687e-08
Qabs	= 1.01108145e-05
