Cext	= 4.149529329e-06
Qext	= 3.717655691e-06
Cabs	= 4.149494519e-06
Qabs	= 3.717624504e-06
