Cext	= 48084.9684
Qext	= 0.06129670848
Cabs	= 3274.922661
Qabs	= 0.004174734565
