Cext	= 0.0002449693371
Qext	= 0.0001596034763
Cabs	= 0.0002449660901
Qabs	= 0.0001596013607
