Cext	= 4.046893006
Qext	= 0.0003600144797
Cabs	= 3.932247188
Qabs	= 0.0003498155062
