Cext	= 6.724388348e-06
Qext	= 3.847779617e-06
Cabs	= 6.724424124e-06
Qabs	= 3.847800089e-06
