Cext	= 4.279149766e-05
Qext	= 8.424839226e-05
Cabs	= 4.279115096e-05
Qabs	= 8.424770968e-05
