Cext	= 9.27850893e-08
Qext	= 2.902121822e-06
Cabs	= 9.278443455e-08
Qabs	= 2.902101343e-06
