Cext	= 1.322756817e-05
Qext	= 5.229928318e-06
Cabs	= 1.322745629e-05
Qabs	= 5.229884083e-06
