Cext	= 0.000232758496
Qext	= 0.000148575401
Cabs	= 0.000232756126
Qabs	= 0.0001485738881
