Cext	= 0.0001609494405
Qext	= 1.258539726e-05
Cabs	= 0.0001609481315
Qabs	= 1.25852949e-05
