Cext	= 11632266.76
Qext	= 4.576644322
Cabs	= 1887193.006
Qabs	= 0.7425045639
