Cext	= 0.001641733266
Qext	= 2.404916303e-05
Cabs	= 0.001641719072
Qabs	= 2.40489551e-05
