Cext	= 3662.113849
Qext	= 0.1802502956
Cabs	= 585.2975392
Qabs	= 0.02880851301
