Cext = 9.0120097546e-01
Qext = 1.5873032235e-03
Cabs = 8.8326303014e-01
Qabs = 1.5557087633e-03
