Cext	= 2817078.323
Qext	= 5.609301196
Cabs	= 226824.9643
Qabs	= 0.4516486224
