Cext	= 1.050685384e-10
Qext	= 9.619446343e-08
Cabs	= 1.050691035e-10
Qabs	= 9.619498073e-08
