Cext	= 1.077718611
Qext	= 0.003394919654
Cabs	= 1.068535569
Qabs	= 0.00336599217
