Cext = 7.1307806808e-03
Qext = 3.1398965023e-04
Cabs = 7.1297025392e-03
Qabs = 3.1394217635e-04
