Cext	= 127474.1438
Qext	= 0.1128104741
Cabs	= 5039.147077
Qabs	= 0.004459481378
