Cext	= 0.4877209904
Qext	= 0.0004465281394
Cabs	= 0.4849352705
Qabs	= 0.000443977701
