Cext	= 71.97797687
Qext	= 0.01407074529
Cabs	= 45.74150036
Qabs	= 0.008941860121
