Cext	= 153.0655693
Qext	= 0.02242202741
Cabs	= 87.67757464
Qabs	= 0.01284357411
