Cext	= 0.005391858717
Qext	= 0.0004936463035
Cabs	= 0.005391498664
Qabs	= 0.0004936133392
