Cext	= 6671.028653
Qext	= 0.2629265764
Cabs	= 802.5072067
Qabs	= 0.03162937582
