Cext	= 4.971402701e-05
Qext	= 9.950839193e-05
Cabs	= 4.971357878e-05
Qabs	= 9.950749475e-05
