Cext	= 1242.085682
Qext	= 0.07107370548
Cabs	= 371.599553
Qabs	= 0.02126339396
