Cext	= 5.540455908e-08
Qext	= 8.116015563e-06
Cabs	= 5.540485151e-08
Qabs	= 8.1160584e-06
