Cext	= 12364964.03
Qext	= 10.31499206
Cabs	= 554562.9733
Qabs	= 0.4626226696
