Cext	= 0.0001076204467
Qext	= 0.00013464562
Cabs	= 0.0001076195257
Qabs	= 0.0001346444677
