Cext	= 7147.770391
Qext	= 0.2281903595
Cabs	= 847.2074883
Qabs	= 0.02704683709
