Cext	= 0.002401431598
Qext	= 3.098154273e-05
Cabs	= 0.002401372806
Qabs	= 3.098078424e-05
