Cext	= 1.282293584e-10
Qext	= 4.106654969e-07
Cabs	= 1.282286892e-10
Qabs	= 4.106633538e-07
