Cext	= 8.43275998e-07
Qext	= 3.08821207e-05
Cabs	= 8.432679654e-07
Qabs	= 3.088182653e-05
