Cext	= 0.4474943668
Qext	= 0.001638796204
Cabs	= 0.4439891498
Qabs	= 0.001625959537
