Cext	= 0.0005026048104
Qext	= 2.045132773e-05
Cabs	= 0.0005025982752
Qabs	= 2.045106181e-05
