Cext	= 0.03184071082
Qext	= 0.0002032469903
Cabs	= 0.03183105434
Qabs	= 0.0002031853506
