Cext	= 3.135193526e-05
Qext	= 2.015544502e-05
Cabs	= 3.135168564e-05
Qabs	= 2.015528454e-05
