Cext = 3.0481498561e+01
Qext = 1.4913241776e-03
Cabs = 2.1838239224e+01
Qabs = 1.0684479335e-03
