Cext	= 802064.3511
Qext	= 0.9715908031
Cabs	= 19358.78476
Qabs	= 0.02345050894
