Cext	= 6.458816107e-08
Qext	= 2.571820942e-06
Cabs	= 6.458762115e-08
Qabs	= 2.571799442e-06
