Cext = 1.0640697708e-09
Qext = 1.1713545475e-07
Cabs = 1.0640606818e-09
Qabs = 1.1713445418e-07
