Cext	= 2001.73273
Qext	= 0.09782808789
Cabs	= 412.7677182
Qabs	= 0.02017266142
