Cext	= 0.01313549916
Qext	= 4.810430647e-05
Cabs	= 0.01313409644
Qabs	= 4.80991695e-05
