Cext	= 382.8885289
Qext	= 0.04889439155
Cabs	= 159.475723
Qabs	= 0.02036485258
