Cext	= 11470957.84
Qext	= 4.513178316
Cabs	= 2228240.065
Qabs	= 0.8766874468
