Cext = 4.5629122955e-04
Qext = 1.2557419198e-04
Cabs = 4.5629208441e-04
Qabs = 1.2557442725e-04
