Cext	= 1.063854055e-08
Qext	= 8.378112345e-06
Cabs	= 1.063848989e-08
Qabs	= 8.378072452e-06
