Cext	= 8258152.789
Qext	= 9.920223269
Cabs	= 311806.9639
Qabs	= 0.3745625417
