Cext	= 12858.64009
Qext	= 0.02559977987
Cabs	= 1481.850476
Qabs	= 0.002950160028
