Cext = 2.6075861483e-02
Qext = 1.2757759463e-04
Cabs = 2.6065309874e-02
Qabs = 1.2752597030e-04
