Cext	= 0.007989815872
Qext	= 5.205559205e-05
Cabs	= 0.007989398892
Qabs	= 5.205287533e-05
