Cext	= 2.870303548e-05
Qext	= 1.875998533e-05
Cabs	= 2.870278705e-05
Qabs	= 1.875982296e-05
