Cext	= 0.0001214652424
Qext	= 0.0001235625599
Cabs	= 0.0001214655969
Qabs	= 0.0001235629205
