Cext	= 6.905371338
Qext	= 0.0004545312899
Cabs	= 6.613746905
Qabs	= 0.0004353357357
