Cext	= 1.025835131e-06
Qext	= 8.213312048e-06
Cabs	= 1.025829771e-06
Qabs	= 8.213269134e-06
