Cext	= 4.899095608e-07
Qext	= 1.743308117e-06
Cabs	= 4.899054636e-07
Qabs	= 1.743293538e-06
