Cext = 3.0567179327e-07
Qext = 1.0987465638e-05
Cabs = 3.0567556436e-07
Qabs = 1.0987601190e-05
