Cext	= 10.45696006
Qext	= 0.0006883070165
Cabs	= 10.03709212
Qabs	= 0.0006606701082
