Cext	= 21376793.07
Qext	= 7.925671646
Cabs	= 1481274.448
Qabs	= 0.5491981355
