Cext	= 8.51093522e-05
Qext	= 0.0001675642705
Cabs	= 8.510888152e-05
Qabs	= 0.0001675633438
