Cext = 1.5432334554e-01
Qext = 7.5503550391e-04
Cabs = 1.5327294177e-01
Qabs = 7.4989634558e-04
