Cext	= 1.504910646e-08
Qext	= 7.407213427e-07
Cabs	= 1.504902824e-08
Qabs	= 7.407174931e-07
