Cext	= 0.02277998702
Qext	= 0.0009269329909
Cabs	= 0.02277364497
Qabs	= 0.0009266749286
