Cext	= 5.351213846e-07
Qext	= 1.872983343e-06
Cabs	= 5.35117281e-07
Qabs	= 1.87296898e-06
