Cext = 8.9172710094e-02
Qext = 6.2824667969e-04
Cabs = 8.8819843235e-02
Qabs = 6.2576063430e-04
