Cext	= 1.653079214e-08
Qext	= 5.882364097e-06
Cabs	= 1.653065718e-08
Qabs	= 5.882316074e-06
