Cext	= 29056404.5
Qext	= 12.88861333
Cabs	= 791569.7618
Qabs	= 0.3511183424
