Cext	= 0.2575020872
Qext	= 0.00229075688
Cabs	= 0.2568318143
Qabs	= 0.002284794084
