Cext	= 0.0001775844529
Qext	= 0.0001591018643
Cabs	= 0.0001775825146
Qabs	= 0.0001591001277
