Cext	= 955.5785944
Qext	= 0.0628989159
Cabs	= 260.0184461
Qabs	= 0.01711515774
