Cext	= 0.0003645643368
Qext	= 0.0002343701078
Cabs	= 0.0003645615063
Qabs	= 0.0002343682881
