Cext	= 4833.716132
Qext	= 0.177018444
Cabs	= 929.6005952
Qabs	= 0.03404346602
