Cext	= 3690787.51
Qext	= 6.927517016
Cabs	= 126443.7151
Qabs	= 0.2373317309
