Cext	= 13363575.43
Qext	= 4.996338346
Cabs	= 1047421.281
Qabs	= 0.3916071065
