Cext	= 0.1051774637
Qext	= 9.629418888e-05
Cabs	= 0.1050837681
Qabs	= 9.62084068e-05
