Cext	= 0.0001928831403
Qext	= 0.0001441569433
Cabs	= 0.000192883435
Qabs	= 0.0001441571635
