Cext	= 39.65274474
Qext	= 0.00261005706
Cabs	= 31.00102754
Qabs	= 0.002040576291
