Cext	= 0.0441860349
Qext	= 0.0001997732749
Cabs	= 0.04416307143
Qabs	= 0.0001996694528
