Cext	= 0.01909558951
Qext	= 7.550032099e-05
Cabs	= 0.01909365798
Qabs	= 7.54926841e-05
