Cext	= 0.001963694443
Qext	= 3.83876368e-05
Cabs	= 0.001963697435
Qabs	= 3.838769529e-05
