Cext = 8.8955374624e-08
Qext = 6.2671549082e-06
Cabs = 8.8954629682e-08
Qabs = 6.2671024212e-06
