Cext	= 1548.131002
Qext	= 0.10190241
Cabs	= 343.5639575
Qabs	= 0.02261436222
