Cext	= 0.0284367098
Qext	= 0.001019083251
Cabs	= 0.02843057531
Qabs	= 0.00101886341
