Cext	= 10.53339887
Qext	= 0.0005308372415
Cabs	= 9.883596592
Qabs	= 0.000498090048
