Cext	= 15.40796958
Qext	= 0.0006135263517
Cabs	= 14.09057292
Qabs	= 0.000561069241
