Cext	= 8.539335378e-09
Qext	= 4.259619396e-07
Cabs	= 8.539260391e-09
Qabs	= 4.259581991e-07
