Cext	= 45525.02921
Qext	= 0.05794918085
Cabs	= 2911.877394
Qabs	= 0.003706552475
