Cext	= 0.02004809251
Qext	= 0.0001741838981
Cabs	= 0.02004421065
Qabs	= 0.0001741501714
