Cext	= 6.90068037e-09
Qext	= 4.404871876e-07
Cabs	= 6.900631668e-09
Qabs	= 4.404840789e-07
