Cext	= 124073.1619
Qext	= 0.1035032272
Cabs	= 5411.970774
Qabs	= 0.004514726889
