Cext	= 668.5165186
Qext	= 0.05989388297
Cabs	= 263.4807419
Qabs	= 0.02360582615
