Cext	= 5778516.182
Qext	= 3.756482991
Cabs	= 920779.5182
Qabs	= 0.5985779895
