Cext	= 10.16011996
Qext	= 0.001986169469
Cabs	= 9.686704025
Qabs	= 0.001893622897
