Cext	= 0.008449128475
Qext	= 0.0006743395347
Cabs	= 0.008448237813
Qabs	= 0.0006742684494
