Cext	= 10658734.3
Qext	= 3.391897446
Cabs	= 2498817.928
Qabs	= 0.7951914282
