Cext	= 2.514825685e-06
Qext	= 3.146337652e-06
Cabs	= 2.514807894e-06
Qabs	= 3.146315394e-06
