Cext	= 0.1538915059
Qext	= 0.0001240873431
Cabs	= 0.1537316465
Qabs	= 0.0001239584437
