Cext	= 0.006349272841
Qext	= 5.555787254e-05
Cabs	= 0.006349060384
Qabs	= 5.555601349e-05
