Cext	= 0.0001863324637
Qext	= 1.487151571e-05
Cabs	= 0.0001863313095
Qabs	= 1.487142359e-05
