Cext	= 2.219760483e-08
Qext	= 7.954931308e-06
Cabs	= 2.219742291e-08
Qabs	= 7.954866114e-06
