Cext	= 0.0004432475518
Qext	= 0.0001623243686
Cabs	= 0.000443246364
Qabs	= 0.0001623239336
