Cext	= 2.324581685e-05
Qext	= 8.078667819e-05
Cabs	= 2.324564782e-05
Qabs	= 8.078609075e-05
