Cext = 9.5847376014e-09
Qext = 6.7527156781e-07
Cabs = 9.5846557452e-09
Qabs = 6.7526580089e-07
