Cext	= 6.900683052e-06
Qext	= 4.404873588e-06
Cabs	= 6.900634032e-06
Qabs	= 4.404842298e-06
