Cext	= 419881.5218
Qext	= 3.34529637
Cabs	= 18425.08129
Qabs	= 0.1467970234
