Cext	= 2708067.174
Qext	= 5.082975212
Cabs	= 71186.70705
Qabs	= 0.1336156912
