Cext = 6.6550827618e-10
Qext = 1.3024144208e-07
Cabs = 6.6550890976e-10
Qabs = 1.3024156607e-07
