Cext	= 135050.4222
Qext	= 0.1193797108
Cabs	= 5469.404997
Qabs	= 0.004834757091
