Cext	= 8.927291802e-05
Qext	= 0.0001140004121
Cabs	= 8.927199983e-05
Qabs	= 0.0001139992396
