Cext	= 1376.720756
Qext	= 0.08969670291
Cabs	= 381.1695551
Qabs	= 0.02483412281
