Cext	= 5.396965137e-08
Qext	= 1.235284542e-05
Cabs	= 5.396913779e-08
Qabs	= 1.235272787e-05
