Cext	= 281.2503196
Qext	= 0.03628489273
Cabs	= 146.2372033
Qabs	= 0.01886647184
