Cext	= 13416427.65
Qext	= 4.27567534
Cabs	= 2955397.831
Qabs	= 0.9418544157
