Cext	= 3062248.127
Qext	= 4.292987719
Cabs	= 82969.26164
Qabs	= 0.1163152058
