Cext	= 14.57891011
Qext	= 0.005932256562
Cabs	= 12.13804088
Qabs	= 0.004939050459
