Cext	= 1.055699182e-09
Qext	= 3.370286995e-06
Cabs	= 1.055694261e-09
Qabs	= 3.370271285e-06
