Cext	= 0.3269283334
Qext	= 0.002136767292
Cabs	= 0.3259594148
Qabs	= 0.002130434548
