Cext	= 162.4992798
Qext	= 0.03199304492
Cabs	= 94.81458977
Qabs	= 0.01866720538
