Cext	= 32.97325995
Qext	= 0.001063493192
Cabs	= 29.40106588
Qabs	= 0.0009482784971
