Cext	= 1.21585459e-08
Qext	= 4.792071829e-07
Cabs	= 1.215843913e-08
Qabs	= 4.792029748e-07
