Cext = 1.1462239115e+03
Qext = 4.1201367346e-02
Cabs = 1.3146974643e+02
Qabs = 4.7257200468e-03
