Cext	= 0.0004503221803
Qext	= 1.597377373e-05
Cabs	= 0.0004503165286
Qabs	= 1.597357325e-05
