Cext	= 1.981930889e-11
Qext	= 6.243277292e-08
Cabs	= 1.981915698e-11
Qabs	= 6.243229438e-08
