Cext	= 0.01833213863
Qext	= 0.000637100685
Cabs	= 0.01832729367
Qabs	= 0.0006369323073
