Cext	= 2568967.281
Qext	= 0.8183135566
Cabs	= 36430.88557
Qabs	= 0.0116046194
