Cext	= 41.52500048
Qext	= 0.002669547692
Cabs	= 32.08983829
Qabs	= 0.002062982607
