Cext	= 0.03602749191
Qext	= 0.0008246153665
Cabs	= 0.03600248349
Qabs	= 0.0008240429612
