Cext	= 16293571.51
Qext	= 4.934356018
Cabs	= 195483.9811
Qabs	= 0.05920049865
