Cext	= 4505598.631
Qext	= 5.743548867
Cabs	= 401029.1222
Qabs	= 0.511215168
