Cext	= 3.555461292e-08
Qext	= 1.274166765e-05
Cabs	= 3.555468267e-08
Qabs	= 1.274169265e-05
