Cext	= 9.573907996e-08
Qext	= 9.739218865e-06
Cabs	= 9.573958521e-08
Qabs	= 9.739270262e-06
