Cext	= 278.4378094
Qext	= 0.03566883677
Cabs	= 111.6066284
Qabs	= 0.01429719125
