Cext	= 7819897.587
Qext	= 2.740692696
Cabs	= 147178.3718
Qabs	= 0.05158260502
