Cext = 5.6092987625e-04
Qext = 9.8797696056e-05
Cabs = 5.6091223443e-04
Qabs = 9.8794588743e-05
