Cext	= 4.432365325e-07
Qext	= 1.623203332e-05
Cabs	= 4.432388689e-07
Qabs	= 1.623211888e-05
