Cext	= 0.7897561954
Qext	= 0.0002830240619
Cabs	= 0.7871579587
Qabs	= 0.0002820929347
