Cext	= 0.06074188037
Qext	= 0.001215819197
Cabs	= 0.06070793228
Qabs	= 0.001215139686
