Cext	= 0.005031319035
Qext	= 4.461758455e-05
Cabs	= 0.005031144184
Qabs	= 4.461603398e-05
