Cext	= 86.19451416
Qext	= 0.004299583142
Cabs	= 60.92804863
Qabs	= 0.003039232988
