Cext	= 8.859829753e-11
Qext	= 2.857578728e-07
Cabs	= 8.859755694e-11
Qabs	= 2.857554841e-07
