Cext	= 0.0003317793055
Qext	= 0.0001672022615
Cabs	= 0.0003317750345
Qabs	= 0.0001672001091
