Cext	= 23.29355635
Qext	= 0.0009275206948
Cabs	= 21.39580021
Qabs	= 0.0008519543849
