Cext	= 0.9835064094
Qext	= 0.003824866606
Cabs	= 0.974994419
Qabs	= 0.003791763387
