Cext	= 1.282293665e-07
Qext	= 4.106655228e-06
Cabs	= 1.282286972e-07
Qabs	= 4.106633794e-06
