Cext	= 2.970457658
Qext	= 0.0003793237688
Cabs	= 2.920408219
Qabs	= 0.0003729325174
