Cext	= 8490323.89
Qext	= 3.335618056
Cabs	= 2201975.17
Qabs	= 0.8650963416
