Cext	= 7.036492596e-08
Qext	= 8.98551401e-06
Cabs	= 7.036432253e-08
Qabs	= 8.985436953e-06
