Cext	= 9.574374055e-06
Qext	= 4.328752432e-06
Cabs	= 9.57442476e-06
Qabs	= 4.328775357e-06
