Cext	= 3.546063294e-07
Qext	= 1.442917001e-06
Cabs	= 3.546082353e-07
Qabs	= 1.442924756e-06
