Cext	= 1.141021845e-09
Qext	= 9.20040182e-07
Cabs	= 1.141024282e-09
Qabs	= 9.200421476e-07
