Cext	= 2105057.817
Qext	= 0.6374971075
Cabs	= 31392.46582
Qabs	= 0.009506915198
