Cext = 4.4890807980e-04
Qext = 8.7852304401e-06
Cabs = 4.4890030035e-04
Qabs = 8.7850782006e-06
