Cext	= 50753080.68
Qext	= 14.40809969
Cabs	= 1571098.091
Qabs	= 0.4460130817
