Cext	= 6.479880113e-10
Qext	= 2.089968779e-06
Cabs	= 6.479827055e-10
Qabs	= 2.089951666e-06
