Cext = 1.5775015605e-09
Qext = 1.7365530694e-07
Cabs = 1.5775030620e-09
Qabs = 1.7365547223e-07
