Cext	= 4.279117835e-08
Qext	= 8.42477636e-06
Cabs	= 4.279085799e-08
Qabs	= 8.424713288e-06
