Cext	= 0.9612722541
Qext	= 0.00307855668
Cabs	= 0.9530368054
Qabs	= 0.003052181951
