Cext = 2.4061701189e-05
Qext = 4.7089281594e-05
Cabs = 2.4061984920e-05
Qabs = 4.7089836877e-05
