Cext	= 4.723834038e-07
Qext	= 1.880972473e-05
Cabs	= 4.723795328e-07
Qabs	= 1.880957059e-05
