Cext	= 0.04152016926
Qext	= 0.0008369739865
Cabs	= 0.04149554102
Qabs	= 0.0008364775243
