Cext	= 21716692.98
Qext	= 10.19042411
Cabs	= 595547.652
Qabs	= 0.2794570591
