Cext	= 2.123540412e-05
Qext	= 8.455676103e-06
Cabs	= 2.123544759e-05
Qabs	= 8.455693411e-06
