Cext	= 2833.698349
Qext	= 0.009535101
Cabs	= 625.8954751
Qabs	= 0.002106073348
