Cext	= 1.399654289e-07
Qext	= 1.253981433e-05
Cabs	= 1.399642826e-07
Qabs	= 1.253971163e-05
