Cext	= 14216686.08
Qext	= 4.530709344
Cabs	= 2513591.486
Qabs	= 0.8010553489
