Cext	= 0.0002351435684
Qext	= 1.851813437e-05
Cabs	= 0.0002351421002
Qabs	= 1.851801875e-05
