Cext	= 1.653086278e-05
Qext	= 5.882389236e-05
Cabs	= 1.653072355e-05
Qabs	= 5.882339692e-05
