Cext	= 4.312894803e-08
Qext	= 9.87157068e-06
Cabs	= 4.312853516e-08
Qabs	= 9.87147618e-06
