Cext	= 7.100147995e-07
Qext	= 3.469963256e-05
Cabs	= 7.100211709e-07
Qabs	= 3.469994394e-05
