Cext	= 0.009531593546
Qext	= 5.454097751e-05
Cabs	= 0.00953096764
Qabs	= 5.4537396e-05
