Cext	= 9.991409451e-09
Qext	= 6.576631441e-07
Cabs	= 9.991430794e-09
Qabs	= 6.57664549e-07
