Cext = 6.4968545129e-04
Qext = 1.4127208922e-04
Cabs = 6.4968378571e-04
Qabs = 1.4127172698e-04
