Cext	= 2.329141762e-08
Qext	= 7.435713051e-07
Cabs	= 2.329129891e-08
Qabs	= 7.435675155e-07
