Cext = 3.0811569200e-03
Qext = 2.1707612149e-05
Cabs = 3.0810403367e-03
Qabs = 2.1706790787e-05
