Cext = 7.1164293159e-07
Qext = 1.2534308661e-05
Cabs = 7.1163695230e-07
Qabs = 1.2534203347e-05
