Cext	= 4.536246767e-05
Qext	= 2.286070004e-05
Cabs	= 4.536206924e-05
Qabs	= 2.286049925e-05
