Cext	= 3459390.54
Qext	= 4.403486422
Cabs	= 369853.9808
Qabs	= 0.4707901475
