Cext	= 2419.917973
Qext	= 0.0886212807
Cabs	= 478.3027426
Qabs	= 0.01751621422
