Cext	= 0.0003656728298
Qext	= 0.0001824061253
Cabs	= 0.0003656671409
Qabs	= 0.0001824032875
