Cext	= 0.0887083908
Qext	= 0.0002861129588
Cabs	= 0.08863420275
Qabs	= 0.0002858736786
