Cext	= 49144.09876
Qext	= 0.05953132603
Cabs	= 3177.454049
Qabs	= 0.003849049178
