Cext	= 0.1079182395
Qext	= 0.001350181932
Cabs	= 0.1077409427
Qabs	= 0.001347963745
