Cext	= 15715.17065
Qext	= 0.4915373797
Cabs	= 1942.216687
Qabs	= 0.06074844
