Cext	= 4.504814529e-06
Qext	= 3.366806925e-06
Cabs	= 4.504838581e-06
Qabs	= 3.366824901e-06
