Cext	= 6.384901801e-06
Qext	= 4.771945984e-06
Cabs	= 6.384837265e-06
Qabs	= 4.771897751e-06
