Cext	= 1.805252781e-08
Qext	= 6.318582077e-06
Cabs	= 1.805239267e-08
Qabs	= 6.318534775e-06
