Cext	= 0.001316931367
Qext	= 0.0004247525253
Cabs	= 0.001316919142
Qabs	= 0.0004247485823
