Cext	= 0.0004103870883
Qext	= 0.0001617466777
Cabs	= 0.000410380608
Qabs	= 0.0001617441236
