Cext = 2.2523333551e+03
Qext = 6.1985618572e-02
Cabs = 1.9841324257e+02
Qabs = 5.4604561723e-03
