Cext	= 0.0005351275582
Qext	= 1.873004951e-05
Cabs	= 0.0005351214953
Qabs	= 1.872983731e-05
