Cext	= 0.08116636427
Qext	= 0.001047150035
Cabs	= 0.08107304515
Qabs	= 0.001045946099
