Cext	= 1248862.474
Qext	= 1.512825364
Cabs	= 36485.53873
Qabs	= 0.04419721912
