Cext	= 0.0005206624032
Qext	= 0.0002052097064
Cabs	= 0.0005206527637
Qabs	= 0.0002052059072
