Cext	= 4.679943092e-05
Qext	= 2.303481433e-05
Cabs	= 4.679905141e-05
Qabs	= 2.303462753e-05
