Cext = 5.6090946374e-10
Qext = 9.8794100755e-07
Cabs = 5.6090477286e-10
Qabs = 9.8793274529e-07
