Cext	= 5.399029924e-08
Qext	= 1.077264755e-05
Cabs	= 5.399004503e-08
Qabs	= 1.077259683e-05
