Cext = 3.0567761675e-04
Qext = 1.0987674963e-04
Cabs = 3.0567924581e-04
Qabs = 1.0987733521e-04
