Cext	= 3.555481405e-05
Qext	= 0.0001274173973
Cabs	= 3.555487301e-05
Qabs	= 0.0001274176086
