Cext	= 1.819506069e-05
Qext	= 7.403692553e-05
Cabs	= 1.819488301e-05
Qabs	= 7.403620252e-05
