Cext	= 8405315.959
Qext	= 2.386153287
Cabs	= 123681.7072
Qabs	= 0.03511153103
