Cext	= 18.85603106
Qext	= 0.000743176495
Cabs	= 17.14964291
Qabs	= 0.0006759222798
