Cext	= 3437520.891
Qext	= 6.843630238
Cabs	= 175408.8424
Qabs	= 0.3492148253
