Cext	= 0.0006686474517
Qext	= 0.0002106305257
Cabs	= 0.0006686360079
Qabs	= 0.0002106269208
