Cext	= 1.052394437e-08
Qext	= 6.717689284e-07
Cabs	= 1.052404599e-08
Qabs	= 6.717754154e-07
