Cext	= 2473490.876
Qext	= 2.189654732
Cabs	= 51327.59497
Qabs	= 0.04543768982
