Cext	= 4.43236454e-10
Qext	= 1.623203044e-06
Cabs	= 4.432387939e-10
Qabs	= 1.623211613e-06
