Cext	= 0.000690919352
Qext	= 0.0002731763418
Cabs	= 0.0006909116522
Qabs	= 0.0002731732974
