Cext	= 1.40046672e-05
Qext	= 5.576485812e-06
Cabs	= 1.400454879e-05
Qabs	= 5.576438662e-06
