Cext	= 1.635408899e-09
Qext	= 6.654588789e-07
Cabs	= 1.635417693e-09
Qabs	= 6.654624572e-07
