Cext	= 894644.8295
Qext	= 2.985291116
Cabs	= 29358.02007
Qabs	= 0.09796316214
