Cext	= 0.001010992682
Qext	= 0.0003903915798
Cabs	= 0.001010993156
Qabs	= 0.0003903917626
