Cext	= 6.348841766e-09
Qext	= 5.555410053e-07
Cabs	= 6.348808771e-09
Qabs	= 5.555381181e-07
