Cext	= 1.814479715e-08
Qext	= 5.811026608e-07
Cabs	= 1.814464546e-08
Qabs	= 5.81097803e-07
