Cext = 1.9239196286e-07
Qext = 6.9155876592e-06
Cabs = 1.9239035239e-07
Qabs = 6.9155297693e-06
