Cext	= 5.670291077e-09
Qext	= 1.143031498e-06
Cabs	= 5.670243679e-09
Qabs	= 1.143021944e-06
