Cext	= 1.107479979e-05
Qext	= 1.428790989e-05
Cabs	= 1.107470607e-05
Qabs	= 1.428778898e-05
