Cext = 1.2120414404e-08
Qext = 2.6355465727e-07
Cabs = 1.2120310870e-08
Qabs = 2.6355240592e-07
