Cext	= 0.1220606052
Qext	= 0.001082429744
Cabs	= 0.1217992942
Qabs	= 0.001080112446
