Cext	= 2.311697113
Qext	= 0.0002961363156
Cabs	= 2.273306288
Qabs	= 0.0002912183194
