Cext	= 7.302540031e-08
Qext	= 3.680160841e-06
Cabs	= 7.30255563e-08
Qabs	= 3.680168703e-06
