Cext	= 3.079063225e-09
Qext	= 1.09220157e-06
Cabs	= 3.079047546e-09
Qabs	= 1.092196009e-06
