Cext	= 1465103.757
Qext	= 0.5762529803
Cabs	= 23450.72906
Qabs	= 0.009223614671
