Cext	= 2.911427175e-09
Qext	= 3.717856491e-07
Cabs	= 2.911412337e-09
Qabs	= 3.717837543e-07
