Cext	= 0.0004209482816
Qext	= 0.0002121395262
Cabs	= 0.000420942118
Qabs	= 0.00021213642
