Cext = 2.0703034054e-06
Qext = 4.0516295695e-06
Cabs = 2.0702856085e-06
Qabs = 4.0515947414e-06
