Cext	= 0.2906020483
Qext	= 0.002171900713
Cabs	= 0.2896136233
Qabs	= 0.002164513425
