Cext	= 22020338.55
Qext	= 6.668653951
Cabs	= 360540.9719
Qabs	= 0.1091864674
