Cext	= 10.82704255
Qext	= 0.001382599941
Cabs	= 9.743290814
Qabs	= 0.001244206185
