Cext	= 4.398267127e-08
Qext	= 2.874658566e-06
Cabs	= 4.398244173e-08
Qabs	= 2.874643563e-06
