Cext	= 20197107.17
Qext	= 9.477367853
Cabs	= 1050264.434
Qabs	= 0.4928301019
