Cext	= 5.026014997e-07
Qext	= 2.045119301e-06
Cabs	= 5.025964369e-07
Qabs	= 2.0450987e-06
