Cext	= 72.51024093
Qext	= 0.01427589955
Cabs	= 45.73288424
Qabs	= 0.009003942797
