Cext	= 0.0001054102996
Qext	= 0.0001544117752
Cabs	= 0.0001054091652
Qabs	= 0.0001544101134
