Cext	= 1.076190547e-07
Qext	= 1.346438785e-05
Cabs	= 1.076183101e-07
Qabs	= 1.346429469e-05
