Cext	= 3328371.019
Qext	= 2.942160143
Cabs	= 69421.74622
Qabs	= 0.06136632413
