Cext	= 6.153527615e-10
Qext	= 4.911236657e-07
Cabs	= 6.153473595e-10
Qabs	= 4.911193543e-07
