Cext	= 3416412.174
Qext	= 4.353027643
Cabs	= 457137.166
Qabs	= 0.5824621324
