Cext	= 3535585.375
Qext	= 4.507016501
Cabs	= 773841.6721
Qabs	= 0.9864610285
