Cext	= 6.100424504e-08
Qext	= 2.411991565e-06
Cabs	= 6.100373518e-08
Qabs	= 2.411971407e-06
