Cext	= 9927.79288
Qext	= 0.07516348473
Cabs	= 1552.095477
Qabs	= 0.01175094062
