Cext = 1.7971310239e-02
Qext = 3.9078057493e-05
Cabs = 1.7967262946e-02
Qabs = 3.9069256792e-05
