Cext	= 0.0006694747979
Qext	= 5.360125871e-05
Cabs	= 0.0006694645481
Qabs	= 5.360043806e-05
