Cext	= 0.004345854602
Qext	= 3.775810068e-05
Cabs	= 0.004345697747
Qabs	= 3.775673787e-05
