Cext	= 7.691774741e-08
Qext	= 3.759101323e-06
Cabs	= 7.691849003e-08
Qabs	= 3.759137617e-06
