Cext	= 0.0006739081146
Qext	= 0.0002467959694
Cabs	= 0.0006738968435
Qabs	= 0.0002467918417
