Cext	= 0.0004343445225
Qext	= 0.0002137856217
Cabs	= 0.0004343383211
Qabs	= 0.0002137825693
