Cext = 9.6549038655e-07
Qext = 4.2513436064e-06
Cabs = 9.6549129149e-07
Qabs = 4.2513475947e-06
