Cext = 2.4409348190e-07
Qext = 8.7740144936e-06
Cabs = 2.4409143608e-07
Qabs = 8.7739409563e-06
