Cext	= 11.73249218
Qext	= 0.001502972421
Cabs	= 10.59144537
Qabs	= 0.001356800418
