Cext	= 1.139282391e-08
Qext	= 1.668893999e-06
Cabs	= 1.139270916e-08
Qabs	= 1.668877189e-06
