Cext	= 1.585544769e-07
Qext	= 1.248655504e-06
Cabs	= 1.585532614e-07
Qabs	= 1.248645932e-06
