Cext	= 1.677831374e-07
Qext	= 1.492610723e-05
Cabs	= 1.677817659e-07
Qabs	= 1.492598521e-05
