Cext	= 8.875182585e-08
Qext	= 1.734981157e-05
Cabs	= 8.875262274e-08
Qabs	= 1.734996735e-05
