Cext	= 1.32275571e-08
Qext	= 5.229923938e-07
Cabs	= 1.322744652e-08
Qabs	= 5.229880218e-07
