Cext	= 1.209042238
Qext	= 0.003872061262
Cabs	= 1.194671918
Qabs	= 0.003826039083
