Cext	= 0.1284120723
Qext	= 0.0004112506537
Cabs	= 0.1283091954
Qabs	= 0.0004109211817
