Cext	= 5352472.947
Qext	= 6.823108859
Cabs	= 304721.2736
Qabs	= 0.3884459468
