Cext	= 0.0006122849967
Qext	= 0.0001960895114
Cabs	= 0.0006122741257
Qabs	= 0.0001960860299
