Cext	= 8596.128981
Qext	= 0.0610080618
Cabs	= 1359.238957
Qabs	= 0.00964672988
