Cext	= 16.81777671
Qext	= 0.0008219133924
Cabs	= 15.79574897
Qabs	= 0.0007719651558
