Cext	= 3052.148547
Qext	= 0.1491636979
Cabs	= 700.7349952
Qabs	= 0.03424611272
