Cext	= 1.063857142e-05
Qext	= 8.378136657e-05
Cabs	= 1.063851974e-05
Qabs	= 8.378095959e-05
