Cext	= 2.280310874e-07
Qext	= 2.022172765e-05
Cabs	= 2.280300239e-07
Qabs	= 2.022163333e-05
