Cext = 1.2122083469e-02
Qext = 2.6359095059e-05
Cabs = 1.2119104849e-02
Qabs = 2.6352618138e-05
