Cext = 2.8718568781e-07
Qext = 7.9035292286e-06
Cabs = 2.8718328267e-07
Qabs = 7.9034630386e-06
