Cext	= 5.675279489e-07
Qext	= 2.773605749e-05
Cabs	= 5.675330828e-07
Qabs	= 2.773630839e-05
