Cext	= 0.02871718169
Qext	= 0.001005132752
Cabs	= 0.0287103636
Qabs	= 0.001004894111
