Cext = 3.6436114476e-07
Qext = 1.0027445935e-05
Cabs = 3.6435808897e-07
Qabs = 1.0027361835e-05
