Cext	= 1.229489802e-09
Qext	= 2.478436383e-07
Cabs	= 1.229479523e-09
Qabs	= 2.478415661e-07
