Cext	= 6.486969683
Qext	= 0.00517736253
Cabs	= 5.858440726
Qabs	= 0.004675722715
