Cext	= 1.07744072
Qext	= 0.003439696181
Cabs	= 1.064093023
Qabs	= 0.003397084072
