Cext	= 2707768.477
Qext	= 0.8616851425
Cabs	= 37066.06064
Qabs	= 0.0117954227
