Cext	= 1042984.508
Qext	= 0.493528314
Cabs	= 24726.25232
Qabs	= 0.01170017918
