Cext	= 0.2319357144
Qext	= 0.001733440443
Cabs	= 0.2313678966
Qabs	= 0.001729196688
