Cext	= 2.126327276
Qext	= 0.0002715293631
Cabs	= 2.089889723
Qabs	= 0.0002668763327
