Cext	= 995310.563
Qext	= 0.369021896
Cabs	= 19696.8182
Qabs	= 0.007302803234
