Cext	= 0.1686214835
Qext	= 0.001500068709
Cabs	= 0.1681412948
Qabs	= 0.001495796916
