Cext	= 1620909.533
Qext	= 0.4867851468
Cabs	= 27578.63057
Qabs	= 0.008282305367
