Cext = 7.0114264358e-05
Qext = 4.9397460002e-05
Cabs = 7.0113475641e-05
Qabs = 4.9396904328e-05
