Cext = 6.1791568240e-05
Qext = 1.7005424937e-05
Cabs = 6.1791567642e-05
Qabs = 1.7005424773e-05
