Cext	= 1.518299631e-08
Qext	= 6.178063303e-06
Cabs	= 1.518307655e-08
Qabs	= 6.17809595e-06
