Cext	= 2.295732037e-07
Qext	= 2.008828273e-05
Cabs	= 2.295720996e-07
Qabs	= 2.008818611e-05
