Cext	= 9.61472582e-06
Qext	= 1.879552107e-05
Cabs	= 9.614818178e-06
Qabs	= 1.879570162e-05
