Cext	= 5.629193422e-10
Qext	= 1.797102593e-06
Cabs	= 5.629145155e-10
Qabs	= 1.797087184e-06
