Cext = 1.1150733648e-03
Qext = 1.9640009214e-04
Cabs = 1.1150552354e-03
Qabs = 1.9639689897e-04
