Cext	= 62.63060308
Qext	= 0.004122525409
Cabs	= 50.13526274
Qabs	= 0.003300046373
