Cext	= 551127.1524
Qext	= 4.384589035
Cabs	= 23699.88266
Qabs	= 0.1885485866
