Cext	= 0.001881187186
Qext	= 3.703702947e-05
Cabs	= 0.001881161655
Qabs	= 3.703652681e-05
