Cext	= 10727072.95
Qext	= 4.01060975
Cabs	= 140288.1368
Qabs	= 0.05245055868
