Cext	= 7235252.093
Qext	= 3.395097378
Cabs	= 133272.8775
Qabs	= 0.06253747501
