Cext	= 0.2899341046
Qext	= 0.001659039425
Cabs	= 0.2883287999
Qabs	= 0.00164985367
