Cext = 7.9388215784e+02
Qext = 3.8841123683e-02
Cabs = 1.4001862214e+02
Qabs = 6.8504885364e-03
