Cext	= 0.0006150172168
Qext	= 0.0002423979564
Cabs	= 0.0006150102706
Qabs	= 0.0002423952187
