Cext = 1.3300909350e-04
Qext = 5.8567891212e-06
Cabs = 1.3300761102e-04
Qabs = 5.8567238476e-06
