Cext	= 20604077.5
Qext	= 9.668336166
Cabs	= 748889.4817
Qabs	= 0.351411766
