Cext = 3.3880676417e+01
Qext = 1.2178512250e-03
Cabs = 1.9984663489e+01
Qabs = 7.1835481136e-04
