Cext	= 0.08889681272
Qext	= 0.001737815459
Cabs	= 0.08883129162
Qabs	= 0.001736534608
