Cext = 2.4648459929e-08
Qext = 4.3413823278e-07
Cabs = 2.4648483384e-08
Qabs = 4.3413864620e-07
