Cext = 7.6763364138e-02
Qext = 1.3520484183e-04
Cabs = 7.6602570964e-02
Qabs = 1.3492163361e-04
