Cext	= 15294983.13
Qext	= 9.374140619
Cabs	= 869424.6175
Qabs	= 0.5328615632
