Cext = 1.5151966154e-02
Qext = 2.9652733004e-04
Cabs = 1.5142403952e-02
Qabs = 2.9634019560e-04
