Cext	= 42649.50163
Qext	= 0.05435052872
Cabs	= 2663.12064
Qabs	= 0.0033937563
