Cext	= 2.467930048e-09
Qext	= 8.63802495e-07
Cabs	= 2.467911137e-09
Qabs	= 8.637958759e-07
