Cext	= 3.598947906e-05
Qext	= 8.237453092e-05
Cabs	= 3.598964403e-05
Qabs	= 8.23749085e-05
