Cext	= 7.337101717
Qext	= 0.006717411066
Cabs	= 6.814433808
Qabs	= 0.00623888762
