Cext	= 319599.0509
Qext	= 2.419689721
Cabs	= 13390.94714
Qabs	= 0.1013830831
