Cext	= 2.505197321e-09
Qext	= 8.706365155e-07
Cabs	= 2.505179645e-09
Qabs	= 8.706303724e-07
