Cext	= 3.182528499e-08
Qext	= 2.031485235e-06
Cabs	= 3.182506043e-08
Qabs	= 2.0314709e-06
