Cext	= 3.337013092
Qext	= 0.0004274828032
Cabs	= 3.283082149
Qabs	= 0.0004205740647
