Cext	= 7.864957847e-10
Qext	= 2.818556321e-07
Cabs	= 7.864974648e-10
Qabs	= 2.818562342e-07
