Cext	= 0.1487332313
Qext	= 0.00190532362
Cabs	= 0.1485085272
Qabs	= 0.001902445083
