Cext	= 11296676.35
Qext	= 4.444608327
Cabs	= 3114042.862
Qabs	= 1.225201148
