Cext	= 9884548
Qext	= 3.149101334
Cabs	= 2753646.062
Qabs	= 0.8772794151
