Cext	= 0.005938939133
Qext	= 0.0001160984283
Cabs	= 0.005938568849
Qabs	= 0.0001160911897
