Cext	= 69.29497728
Qext	= 0.003410718687
Cabs	= 48.23764919
Qabs	= 0.00237427095
