Cext	= 0.0003621204768
Qext	= 0.0002359302907
Cabs	= 0.0003621172249
Qabs	= 0.000235928172
