Cext	= 0.0001536868508
Qext	= 1.239223235e-05
Cabs	= 0.0001536854073
Qabs	= 1.239211595e-05
