Cext	= 1.602869654e-05
Qext	= 2.05333091e-05
Cabs	= 1.60286113e-05
Qabs	= 2.053319991e-05
