Cext	= 8.502709775e-09
Qext	= 6.696093081e-06
Cabs	= 8.502668894e-09
Qabs	= 6.696060886e-06
