Cext	= 0.009211972987
Qext	= 0.0001813663826
Cabs	= 0.009211458065
Qabs	= 0.0001813562448
