Cext	= 3.23119421e-07
Qext	= 1.460882948e-05
Cabs	= 3.231211249e-07
Qabs	= 1.460890652e-05
