Cext	= 9050222.661
Qext	= 4.505148506
Cabs	= 148287.9819
Qabs	= 0.07381689988
