Cext	= 2172.911166
Qext	= 0.09824135176
Cabs	= 443.0958421
Qabs	= 0.02003318643
