Cext = 5.3240688785e-09
Qext = 2.6048301478e-07
Cabs = 5.3240739471e-09
Qabs = 2.6048326271e-07
