Cext	= 0.04683458687
Qext	= 0.0002305211819
Cabs	= 0.04681331957
Qabs	= 0.0002304165036
