Cext = 2.4409885135e-04
Qext = 8.7742075006e-05
Cabs = 2.4409414772e-04
Qabs = 8.7740384287e-05
