Cext	= 6057321.388
Qext	= 3.933884581
Cabs	= 1186606.286
Qabs	= 0.7706330693
