Cext	= 4.345619175e-06
Qext	= 3.775605522e-06
Cabs	= 4.345588379e-06
Qabs	= 3.775578766e-06
