Cext = 2.6002158384e+01
Qext = 5.0886799283e-03
Cabs = 1.4429615421e+01
Qabs = 2.8239076629e-03
