Cext	= 1.400465735e-08
Qext	= 5.57648189e-07
Cabs	= 1.400454026e-08
Qabs	= 5.576435264e-07
