Cext	= 0.01571109913
Qext	= 7.678281739e-05
Cabs	= 0.01571022874
Qabs	= 7.677856363e-05
