Cext = 1.2068681767e-04
Qext = 2.1256809515e-05
Cabs = 1.2068670583e-04
Qabs = 2.1256789820e-05
