Cext	= 5.030948528e-06
Qext	= 4.461429891e-06
Cabs	= 5.03092274e-06
Qabs	= 4.461407022e-06
