Cext	= 9.609590728
Qext	= 0.007514193057
Cabs	= 9.015434545
Qabs	= 0.007049594263
