Cext	= 3.201861264e-08
Qext	= 1.13935942e-05
Cabs	= 3.201845955e-08
Qabs	= 1.139353973e-05
