Cext = 3.0700425071e-01
Qext = 1.1035361226e-03
Cabs = 3.0487612123e-01
Qabs = 1.0958864964e-03
