Cext	= 3.621049592e-07
Qext	= 2.359201806e-05
Cabs	= 3.621032698e-07
Qabs	= 2.359190799e-05
