Cext	= 3456.926054
Qext	= 0.1729859626
Cabs	= 549.0401828
Qabs	= 0.02747419037
