Cext	= 2.477414201e-06
Qext	= 3.121639388e-06
Cabs	= 2.47739517e-06
Qabs	= 3.121615409e-06
