Cext	= 2.222599282e-07
Qext	= 1.462978411e-05
Cabs	= 2.222581076e-07
Qabs	= 1.462966427e-05
