Cext	= 2.454564275e-10
Qext	= 1.919339788e-07
Cabs	= 2.454587977e-10
Qabs	= 1.919358322e-07
