Cext = 2.8719206646e-04
Qext = 7.9037047715e-05
Cabs = 2.8718626960e-04
Qabs = 7.9035452374e-05
