Cext	= 0.6359498033
Qext	= 0.002455699757
Cabs	= 0.6299429549
Qabs	= 0.002432504504
