Cext	= 763.9535985
Qext	= 0.06684802767
Cabs	= 220.1027323
Qabs	= 0.0192595906
