Cext = 1.6626094279e-05
Qext = 2.9283870920e-06
Cabs = 1.6625946849e-05
Qabs = 2.9283611250e-06
