Cext = 5.6744154787e-01
Qext = 9.9944609771e-04
Cabs = 5.5470293487e-01
Qabs = 9.7700932468e-04
