Cext = 6.0859827761e+03
Qext = 1.3233781048e-01
Cabs = 5.1519613126e+02
Qabs = 1.1202780308e-02
