Cext	= 657.1675444
Qext	= 0.05846209209
Cabs	= 247.4482581
Qabs	= 0.02201317301
