Cext	= 1.159814811e-05
Qext	= 1.451062406e-05
Cabs	= 1.159806502e-05
Qabs	= 1.45105201e-05
