Cext	= 0.18271156
Qext	= 0.001858664061
Cabs	= 0.1823185695
Qabs	= 0.0018546663
