Cext	= 12333.52266
Qext	= 0.3937438971
Cabs	= 1195.241005
Qabs	= 0.03815769948
